5.694721935526012579e-01 7.146385721929834345e-01 2.000000000000000000e+00
3.649628276362344437e-01 5.696843672594382735e-01 2.000000000000000000e+00
6.308807999841863356e-01 7.150292239915039261e-01 2.000000000000000000e+00
5.983007165540880079e-01 6.315782487159345981e-01 2.000000000000000000e+00
4.692482564785028787e-01 6.510353916492075399e-01 2.000000000000000000e+00
3.881273704777734035e-01 4.960944459854891297e-01 2.000000000000000000e+00
5.443291181769726039e-01 6.766153193915752651e-01 2.000000000000000000e+00
4.786228334759530245e-01 7.097089546160334494e-01 2.000000000000000000e+00
5.951390589205498571e-01 5.988662516557194948e-01 2.000000000000000000e+00
3.717586865045405808e-01 5.393883538739544514e-01 2.000000000000000000e+00
4.584709426720823822e-01 5.844328896325187150e-01 2.000000000000000000e+00
4.332915984134723675e-01 6.453935199054886551e-01 2.000000000000000000e+00
5.152046875308997631e-01 6.183216123709598389e-01 2.000000000000000000e+00
3.876789599222436045e-01 6.255653643219393212e-01 2.000000000000000000e+00
6.253098536432276644e-01 1.000000000000000000e+00 2.000000000000000000e+00
4.911898220749019162e-01 7.197945361452463553e-01 2.000000000000000000e+00
5.442790891815529886e-01 5.863679715944680737e-01 2.000000000000000000e+00
3.659657649863443662e-01 7.865024815536544311e-01 2.000000000000000000e+00
4.422755009460356268e-01 6.742655368981924635e-01 2.000000000000000000e+00
5.865000190614392261e-01 4.579713956278508302e-01 2.000000000000000000e+00
4.211616926535782790e-01 6.392490879075725108e-01 2.000000000000000000e+00
5.866814721051054615e-01 7.274635336230229621e-01 2.000000000000000000e+00
4.765950868198241541e-01 7.936485278926306286e-01 2.000000000000000000e+00
7.462400704342270208e-01 6.838806640064905018e-01 2.000000000000000000e+00
5.684071584734373683e-01 5.077677924611145865e-01 2.000000000000000000e+00
4.343870043862427810e-01 5.735836389996465945e-01 2.000000000000000000e+00
4.074906344647000189e-01 5.483177370159657560e-01 2.000000000000000000e+00
4.861892981929298307e-01 5.146551477997804991e-01 2.000000000000000000e+00
4.718211402149581901e-01 5.531306918287387520e-01 2.000000000000000000e+00
5.418527008963176517e-01 7.416570333713854435e-01 2.000000000000000000e+00
3.921199039068695158e-01 6.174551919618291862e-01 2.000000000000000000e+00
4.893955870181790346e-01 5.792861310855123014e-01 2.000000000000000000e+00
5.359060114032057065e-01 7.790050925966510720e-01 2.000000000000000000e+00
4.459849690728012184e-01 5.050694715176489158e-01 2.000000000000000000e+00
5.672547189570383841e-01 6.825580273007121335e-01 2.000000000000000000e+00
5.581402902989549553e-01 5.875643939501067337e-01 2.000000000000000000e+00
4.517785047400053600e-01 5.257744827697811152e-01 2.000000000000000000e+00
4.755852943416420953e-01 8.035630467867926896e-01 2.000000000000000000e+00
4.559634988767762853e-01 6.322119564391373014e-01 2.000000000000000000e+00
4.827318615644000110e-01 5.040026041111843602e-01 2.000000000000000000e+00
5.515850401605569830e-01 7.293332041163550494e-01 2.000000000000000000e+00
5.251260963412714977e-01 6.229427377114084008e-01 2.000000000000000000e+00
4.591443276465237977e-01 5.540539222627749449e-01 2.000000000000000000e+00
3.829119728129978806e-01 6.346415777584245577e-01 2.000000000000000000e+00
4.187927510217642757e-01 6.284431597252853052e-01 2.000000000000000000e+00
5.298852371696068930e-01 8.271554486972558795e-01 2.000000000000000000e+00
3.072962789238035120e-01 7.131754051890470958e-01 2.000000000000000000e+00
6.388449895462385841e-01 4.690844540860736323e-01 2.000000000000000000e+00
4.230084076317129904e-01 6.766559731293581015e-01 2.000000000000000000e+00
5.628462125860611565e-01 4.144648073405988731e-01 2.000000000000000000e+00
4.810477590466373798e-01 7.689277564606310511e-01 2.000000000000000000e+00
4.177647335323428912e-01 5.709415579988756928e-01 2.000000000000000000e+00
4.275633287577418895e-01 7.406024833325350887e-01 2.000000000000000000e+00
4.148754049572758174e-01 5.823618431702536347e-01 2.000000000000000000e+00
7.216309940458923711e-01 7.480851340444569786e-01 2.000000000000000000e+00
3.832053758480438166e-01 6.024123916803888479e-01 2.000000000000000000e+00
5.692417614160381056e-01 5.860378695281290851e-01 2.000000000000000000e+00
5.541869698023820234e-01 6.657758702573544074e-01 2.000000000000000000e+00
5.047710173570196801e-01 5.562040797118336100e-01 2.000000000000000000e+00
5.799004873921287384e-01 5.996888599608399817e-01 2.000000000000000000e+00
5.394573830464053366e-01 7.243214272943852006e-01 2.000000000000000000e+00
4.378664014523673820e-01 4.222766987512950876e-01 2.000000000000000000e+00
4.689631804067994070e-01 7.502162124601302606e-01 2.000000000000000000e+00
5.206072458331554298e-01 6.256281321948627960e-01 2.000000000000000000e+00
4.008785372874207886e-01 5.657205357211720909e-01 2.000000000000000000e+00
5.917378675189606252e-01 5.778807365098596049e-01 2.000000000000000000e+00
6.177915141844509961e-01 6.334296288392088359e-01 2.000000000000000000e+00
7.075992997842623922e-01 7.333709859109311946e-01 2.000000000000000000e+00
5.093715692523534955e-01 4.703321842488893401e-01 2.000000000000000000e+00
4.210628659784030892e-01 5.593191039918482543e-01 2.000000000000000000e+00
5.242476695905790018e-01 5.651540457865844580e-01 2.000000000000000000e+00
4.407815268778960682e-01 5.943534571011686030e-01 2.000000000000000000e+00
5.217950684348187096e-01 6.226765189064811246e-01 2.000000000000000000e+00
4.541697541603612609e-01 7.163812811081711196e-01 2.000000000000000000e+00
4.334677279918522919e-01 5.698355660844883763e-01 2.000000000000000000e+00
3.540728708282663284e-01 6.787678287096973184e-01 2.000000000000000000e+00
3.468724500287437285e-01 6.911023415084004418e-01 2.000000000000000000e+00
4.670652700240650601e-01 6.693949274627029045e-01 2.000000000000000000e+00
6.592457944652480029e-01 4.523462955211595693e-01 2.000000000000000000e+00
4.303087191814745638e-01 7.242144854583127955e-01 2.000000000000000000e+00
3.006685185330056354e-01 5.008910113720895785e-01 2.000000000000000000e+00
5.237650413798892179e-01 5.931169009117147617e-01 2.000000000000000000e+00
6.315148420849402422e-01 9.071639228681321887e-01 2.000000000000000000e+00
6.533208017808832535e-01 6.161535497274760464e-01 2.000000000000000000e+00
4.843431819400356164e-01 5.636679253877360241e-01 2.000000000000000000e+00
6.282742332188778756e-01 8.172524499648530227e-01 2.000000000000000000e+00
5.001635493229618090e-01 7.666575541825491058e-01 2.000000000000000000e+00
3.200673748677758113e-01 4.112645182829906543e-01 2.000000000000000000e+00
5.274061923757088488e-01 8.039358187894148911e-01 2.000000000000000000e+00
5.790172184911190900e-01 6.981442342153084679e-01 2.000000000000000000e+00
4.752356786959232027e-01 7.039214054660587472e-01 2.000000000000000000e+00
4.586419018857915697e-01 4.005703207642141161e-01 2.000000000000000000e+00
4.055180257626473939e-01 4.502514998261092360e-01 2.000000000000000000e+00
4.889373041497573347e-01 6.226948290109654005e-01 2.000000000000000000e+00
3.442416094731689524e-01 6.879073306311864755e-01 2.000000000000000000e+00
5.968738402011247723e-01 6.641342681811130966e-01 2.000000000000000000e+00
5.623218673363948872e-01 7.375907001382513428e-01 2.000000000000000000e+00
5.300407988693596195e-01 6.797161195849834581e-01 2.000000000000000000e+00
4.511369434719137983e-01 7.242465608205607142e-01 2.000000000000000000e+00
4.243536909912227761e-01 8.082181998766010400e-01 2.000000000000000000e+00
5.084186284687398638e-01 6.465856864966255113e-01 2.000000000000000000e+00
4.149647943618507973e-01 6.409622792631427535e-01 2.000000000000000000e+00
3.304488421590954794e-01 6.330772973511935575e-01 2.000000000000000000e+00
5.748218542859209190e-01 6.785545429024293362e-01 2.000000000000000000e+00
6.546631243442980752e-01 7.302640634242268947e-01 2.000000000000000000e+00
6.685871149217661458e-01 7.873513551936606181e-01 2.000000000000000000e+00
5.866481383601689359e-01 5.138120205061232904e-01 2.000000000000000000e+00
5.071600619019566158e-01 8.109712262801117566e-01 2.000000000000000000e+00
6.620799792069506085e-01 7.890582860072489213e-01 2.000000000000000000e+00
5.396479157523467185e-01 7.878677301197566374e-01 2.000000000000000000e+00
4.268918610441918560e-01 6.229552387996989404e-01 2.000000000000000000e+00
5.329856284560937629e-01 5.195757514049076375e-01 2.000000000000000000e+00
6.539984779305885176e-01 4.003779238993879219e-01 2.000000000000000000e+00
5.198308440645673656e-01 5.576709889255829777e-01 2.000000000000000000e+00
5.546960958119461216e-01 7.421971869554946366e-01 2.000000000000000000e+00
4.751432256622326600e-01 5.827867256588870060e-01 2.000000000000000000e+00
4.899094843968808677e-01 5.349564471590676495e-01 2.000000000000000000e+00
5.793097346188307295e-01 6.001675489156064192e-01 2.000000000000000000e+00
4.149634625376421027e-01 5.925323371746367140e-01 2.000000000000000000e+00
5.815039776772747970e-01 7.746479524621067148e-01 2.000000000000000000e+00
5.625605103292534714e-01 5.978081151732296261e-01 2.000000000000000000e+00
5.586353674343597087e-01 4.834786720418912109e-01 2.000000000000000000e+00
5.502982975781580688e-01 6.558570321639809464e-01 2.000000000000000000e+00
4.949789404463490472e-01 6.958503809641728433e-01 2.000000000000000000e+00
5.121443857941418987e-01 7.267243698459761037e-01 2.000000000000000000e+00
5.317823058960967630e-01 7.504273074152580936e-01 2.000000000000000000e+00
6.073443612634960020e-01 6.416375943133203474e-01 2.000000000000000000e+00
4.945426217732936114e-01 6.939631868896712907e-01 2.000000000000000000e+00
4.386986750313139893e-01 6.501510460238277833e-01 2.000000000000000000e+00
5.999192178055876568e-01 7.022196376367731974e-01 2.000000000000000000e+00
4.497834705973007274e-01 6.683792415246216922e-01 2.000000000000000000e+00
5.443795886666403794e-01 6.631769939120863988e-01 2.000000000000000000e+00
6.525817387662259383e-01 4.245341297897005095e-01 2.000000000000000000e+00
6.513124574058448690e-01 6.414980957755980207e-01 2.000000000000000000e+00
7.240762564765133025e-01 7.322324992373274721e-01 2.000000000000000000e+00
3.015259166306220595e-01 4.294643725314771232e-01 2.000000000000000000e+00
6.547009625074423633e-01 7.377683120598917954e-01 2.000000000000000000e+00
3.562855718077948541e-01 6.546700371809944796e-01 2.000000000000000000e+00
5.994302868595831058e-01 4.625164881578908149e-01 2.000000000000000000e+00
6.550394599105998639e-01 7.017230555758890986e-01 2.000000000000000000e+00
5.773342057760805224e-01 5.654531968277619614e-01 2.000000000000000000e+00
5.664632178061582701e-01 8.002079763555713932e-01 2.000000000000000000e+00
5.559041486633214957e-01 7.163537417572912736e-01 2.000000000000000000e+00
4.935139045806387070e-01 7.513782010436894643e-01 2.000000000000000000e+00
5.250219356453050823e-01 6.036667938016009316e-01 2.000000000000000000e+00
5.867928889391699210e-01 6.175485898426215092e-01 2.000000000000000000e+00
4.766918395554847754e-01 5.843029966005983677e-01 2.000000000000000000e+00
5.147736558674794738e-01 5.668556381244599374e-01 2.000000000000000000e+00
4.454205064119326485e-01 7.573802039068503467e-01 2.000000000000000000e+00
4.625879163598642929e-01 5.614863056849810352e-01 2.000000000000000000e+00
5.415519830495768572e-01 5.657514348192714815e-01 2.000000000000000000e+00
4.733916339873150969e-01 7.021594118509602023e-01 2.000000000000000000e+00
6.407277831744414565e-01 7.606117953952924449e-01 2.000000000000000000e+00
3.733471953032509449e-01 5.198926328547799347e-01 2.000000000000000000e+00
3.810385842408108847e-01 6.209520119276489281e-01 2.000000000000000000e+00
4.759048678269722776e-01 6.427007778998192755e-01 2.000000000000000000e+00
2.846772000772621602e-01 4.001462071316511104e-01 1.000000000000000000e+00
3.702422119548938184e-01 5.244402745015358525e-01 1.000000000000000000e+00
3.107977854627286818e-01 4.466904568405156151e-01 1.000000000000000000e+00
4.243353829171987446e-01 5.478446484676050554e-01 1.000000000000000000e+00
5.763686962124499047e-01 5.920899316473848817e-01 1.000000000000000000e+00
5.042697445180193139e-01 4.902885447486498016e-01 1.000000000000000000e+00
3.599933907993499438e-01 4.282986185284581859e-01 1.000000000000000000e+00
4.280031060270512722e-01 4.788339283214239073e-01 1.000000000000000000e+00
4.728286313484281189e-01 5.430711691153973231e-01 1.000000000000000000e+00
5.907811361533645833e-01 3.917574152851417413e-01 1.000000000000000000e+00
4.289559403183959008e-01 4.406267004454966774e-01 1.000000000000000000e+00
4.306964880701511511e-01 4.473051607699816690e-01 1.000000000000000000e+00
3.938457355114996505e-01 4.283431057103310180e-01 1.000000000000000000e+00
5.219997808414960083e-01 2.835266262728816100e-01 1.000000000000000000e+00
4.892552832872217872e-01 4.117007062889681546e-01 1.000000000000000000e+00
3.850651732883653144e-01 4.614448466202138444e-01 1.000000000000000000e+00
4.634328390805079190e-01 4.948124838028877814e-01 1.000000000000000000e+00
4.265941270279602904e-01 4.168513209778710316e-01 1.000000000000000000e+00
3.409442424432336805e-01 5.331791764770960063e-01 1.000000000000000000e+00
5.857841143746854717e-01 3.226258040151705475e-01 1.000000000000000000e+00
4.417678046036525030e-01 5.029590750719703518e-01 1.000000000000000000e+00
3.407001492966924561e-01 2.412029979778319844e-01 1.000000000000000000e+00
5.875737590157682488e-01 3.401782866599928901e-01 1.000000000000000000e+00
2.887922583157072065e-01 3.659320442421197250e-01 1.000000000000000000e+00
2.177239085177395950e-01 5.222403581317310861e-01 1.000000000000000000e+00
5.508958106875447847e-01 4.522803005168488100e-01 1.000000000000000000e+00
4.236867163180611517e-01 4.113005543733583291e-01 1.000000000000000000e+00
4.938535213930618228e-01 3.697855182258534823e-01 1.000000000000000000e+00
4.413950366986541529e-01 3.758854136218014452e-01 1.000000000000000000e+00
6.219697986433960768e-01 3.756348517052336411e-01 1.000000000000000000e+00
4.680290310031747225e-01 5.926736625200414998e-01 1.000000000000000000e+00
3.745329305222168670e-01 3.881256144272538511e-01 1.000000000000000000e+00
4.489734128496643550e-01 3.827861662728218595e-01 1.000000000000000000e+00
4.339519533408489060e-01 6.004032926053678443e-01 1.000000000000000000e+00
4.467928218321755574e-01 3.760423595795865381e-01 1.000000000000000000e+00
4.331152525774207840e-01 3.934051642458658571e-01 1.000000000000000000e+00
3.401077025611939364e-01 3.067947668462705502e-01 1.000000000000000000e+00
3.235312259928806999e-01 3.820102861901615854e-01 1.000000000000000000e+00
3.856778473254318107e-01 2.377394602679607505e-01 1.000000000000000000e+00
4.583506950464438234e-01 3.591853506838860732e-01 1.000000000000000000e+00
1.846406415104142607e-01 4.037254425650431688e-01 1.000000000000000000e+00
2.983663473390292808e-01 4.689507747977862961e-01 1.000000000000000000e+00
6.321632498714289117e-01 5.546011472662171204e-01 1.000000000000000000e+00
6.075232426966645782e-01 3.013420144576938742e-01 1.000000000000000000e+00
3.878965889538420475e-01 4.938595811004098390e-01 1.000000000000000000e+00
6.347397757440010890e-01 4.612543641359219682e-01 1.000000000000000000e+00
4.468630561117278299e-01 5.101809985958578597e-01 1.000000000000000000e+00
2.074114071425606498e-01 3.772171249758666245e-01 1.000000000000000000e+00
3.304766656312008166e-01 2.353273953361130488e-01 1.000000000000000000e+00
3.253650585313466737e-01 3.839895372199527701e-01 1.000000000000000000e+00
3.401112831825933713e-01 4.700876930801931031e-01 1.000000000000000000e+00
4.946382053441532034e-01 5.733942520870517479e-01 1.000000000000000000e+00
3.797324146180171556e-01 5.064249990652834876e-01 1.000000000000000000e+00
3.862878035124027165e-01 4.476117977423392791e-01 1.000000000000000000e+00
4.074125004537119121e-01 3.829554747373970502e-01 1.000000000000000000e+00
2.401428741564272940e-01 3.559051596843805787e-01 1.000000000000000000e+00
4.209984842634980073e-01 4.655280193877887607e-01 1.000000000000000000e+00
3.184133214609249363e-01 3.586056321016242721e-01 1.000000000000000000e+00
3.855102901971485529e-01 2.993184286514413150e-01 1.000000000000000000e+00
4.499954568092367491e-01 4.550225559697593791e-01 1.000000000000000000e+00
5.496891120406313114e-01 4.541019915043212896e-01 1.000000000000000000e+00
5.457729406630423830e-01 4.777444354793942694e-01 1.000000000000000000e+00
2.820561594970619201e-01 3.776472422888593750e-01 1.000000000000000000e+00
4.853183280378120523e-01 4.683551254493402705e-01 1.000000000000000000e+00
5.847654742035068853e-01 5.115403686462414168e-01 1.000000000000000000e+00
3.225763192998096218e-01 3.637173341894752721e-01 1.000000000000000000e+00
2.746112899634114424e-01 4.227661684314279467e-01 1.000000000000000000e+00
5.058844576007511806e-01 3.988558114744549243e-01 1.000000000000000000e+00
3.728246764276891834e-01 4.095503706820781686e-01 1.000000000000000000e+00
4.717987706558696703e-01 5.711155911208835034e-01 1.000000000000000000e+00
4.097136624400969929e-01 3.343733895643490328e-01 1.000000000000000000e+00
2.603320049148332149e-01 4.749954136255429282e-01 1.000000000000000000e+00
3.998524147257867534e-01 5.633633058065792287e-01 1.000000000000000000e+00
3.510662713560077641e-01 4.570275051756074736e-01 1.000000000000000000e+00
5.406366762005500037e-01 4.079236541855570941e-01 1.000000000000000000e+00
3.752984106561704225e-01 4.350229154864941883e-01 1.000000000000000000e+00
3.968048429679843503e-01 4.419832475067893562e-01 1.000000000000000000e+00
3.139142516238253022e-01 3.630967614642057750e-01 1.000000000000000000e+00
4.132625958212151618e-01 4.322626746842363477e-01 1.000000000000000000e+00
5.613598017485388336e-01 5.464403053683082323e-01 1.000000000000000000e+00
4.419554768159780211e-01 3.963109093814218831e-01 1.000000000000000000e+00
4.135388372571740523e-01 5.213882064936399274e-01 1.000000000000000000e+00
3.628288283959058558e-01 2.758275447158199944e-01 1.000000000000000000e+00
3.796014424583732394e-01 4.171996070241364429e-01 1.000000000000000000e+00
3.317342969251268481e-01 3.113930749779401652e-01 1.000000000000000000e+00
4.231924092999564402e-01 4.285636809203842712e-01 1.000000000000000000e+00
2.490686253281315099e-01 4.475122989170388088e-01 1.000000000000000000e+00
3.765539653233688222e-01 3.323125027054589786e-01 1.000000000000000000e+00
4.527179020432279821e-01 5.075484909249444732e-01 1.000000000000000000e+00
4.344757642401133046e-01 5.602851759562152978e-01 1.000000000000000000e+00
3.741161209997866943e-01 4.123173879081780679e-01 1.000000000000000000e+00
3.818678045689304357e-01 5.140372948436110478e-01 1.000000000000000000e+00
5.409390341986061168e-01 5.387340512808279636e-01 1.000000000000000000e+00
4.378921232755250692e-01 2.799658212174608862e-01 1.000000000000000000e+00
5.882752707503213774e-01 4.978419803439311231e-01 1.000000000000000000e+00
5.265785428601563734e-01 4.213294373757356936e-01 1.000000000000000000e+00
4.208463993481971754e-01 4.464869704312682264e-01 1.000000000000000000e+00
4.091944092563257196e-01 4.220646267027998721e-01 1.000000000000000000e+00
3.417863132142025528e-01 4.205336233569697546e-01 1.000000000000000000e+00
6.175168196187517111e-01 3.550227418869154050e-01 1.000000000000000000e+00
2.307579225235514286e-01 3.779158646746106909e-01 1.000000000000000000e+00
3.487779853312942269e-01 3.417406956817034547e-01 1.000000000000000000e+00
4.002424507893919126e-01 4.669699527648213389e-01 1.000000000000000000e+00
6.281218589254096152e-01 5.570832684216747710e-01 1.000000000000000000e+00
4.160315961045941702e-01 4.203331084598715406e-01 1.000000000000000000e+00
4.105087336799441156e-01 3.971358539268143861e-01 1.000000000000000000e+00
5.663624190480053278e-01 4.587815601446089131e-01 1.000000000000000000e+00
5.307707822478083814e-01 3.343202156520178603e-01 1.000000000000000000e+00
5.094921456485115296e-01 5.348824560252753990e-01 1.000000000000000000e+00
3.687071392326343733e-01 4.237369068098659208e-01 1.000000000000000000e+00
5.896971469779351827e-01 4.566408407342772424e-01 1.000000000000000000e+00
6.244874933811805917e-01 6.203143169377985933e-01 1.000000000000000000e+00
5.760388221880743398e-01 5.427711374070233186e-01 1.000000000000000000e+00
4.912630617421956947e-01 4.886023366247640443e-01 1.000000000000000000e+00
4.660223549997887793e-01 4.369735970789934698e-01 1.000000000000000000e+00
5.188302518289120702e-01 3.466243696508355399e-01 1.000000000000000000e+00
2.725257472639460721e-01 4.421273382091642778e-01 1.000000000000000000e+00
3.476964660847365329e-01 3.049854802202357495e-01 1.000000000000000000e+00
4.126645485345630804e-01 2.945193981634972591e-01 1.000000000000000000e+00
3.484016720312894111e-01 4.431894343484304999e-01 1.000000000000000000e+00
5.169665866183227321e-01 5.462763599705598994e-01 1.000000000000000000e+00
6.108484646270317953e-01 4.136044035589044876e-01 1.000000000000000000e+00
4.628723520144769066e-01 4.522342867177384096e-01 1.000000000000000000e+00
5.321282979291352966e-01 4.344086413603098773e-01 1.000000000000000000e+00
5.453868204948856269e-01 2.937550784566864692e-01 1.000000000000000000e+00
4.604540370384239689e-01 2.566920463005373243e-01 1.000000000000000000e+00
4.744770640590879052e-01 5.559574317568923840e-01 1.000000000000000000e+00
4.110161772157217563e-01 5.593388189017133305e-01 1.000000000000000000e+00
5.205532138196538039e-01 4.350543290052150125e-01 1.000000000000000000e+00
5.150108071882104621e-01 5.054435652317587069e-01 1.000000000000000000e+00
6.083671184284763500e-01 4.568693987037722448e-01 1.000000000000000000e+00
3.127600724533113885e-01 5.033601545935161292e-01 1.000000000000000000e+00
3.844729942428360414e-01 3.499752714009066734e-01 1.000000000000000000e+00
4.802668854840591584e-01 4.916943154958553497e-01 1.000000000000000000e+00
5.451168181649137523e-01 4.556366071549113883e-01 1.000000000000000000e+00
2.474797023849433786e-01 3.836536018567457407e-01 1.000000000000000000e+00
4.023928734577777444e-01 4.096578551049358530e-01 1.000000000000000000e+00
3.515506086454482371e-01 4.494492979401175092e-01 1.000000000000000000e+00
3.162164236601451295e-01 5.270645187654429131e-01 1.000000000000000000e+00
5.107686516651150921e-01 5.205095900451713886e-01 1.000000000000000000e+00
3.759030737787011911e-01 2.741679360827226630e-01 1.000000000000000000e+00
2.821148154241520101e-01 3.418313375866295356e-01 1.000000000000000000e+00
4.141426121058288112e-01 1.920096161376607657e-01 1.000000000000000000e+00
3.895310512402396785e-01 4.197985638329989055e-01 1.000000000000000000e+00
3.020058554648459848e-01 2.882822715719201012e-01 1.000000000000000000e+00
4.292085067475076010e-01 4.402252275053943897e-01 1.000000000000000000e+00
4.786810388717777087e-01 4.843505497003772753e-01 1.000000000000000000e+00
3.006717446357135004e-01 3.795850185756384776e-01 1.000000000000000000e+00
3.717929624080048567e-01 3.851585880545409513e-01 1.000000000000000000e+00
5.134539311006498519e-01 2.301556461796803177e-01 1.000000000000000000e+00
4.470523157239781331e-01 3.463550267650064018e-01 1.000000000000000000e+00
2.689251452314788127e-01 4.962673916104274885e-01 1.000000000000000000e+00
2.927838916482417564e-01 2.433381234719692032e-01 1.000000000000000000e+00
3.314522318040017956e-01 3.677589624747661379e-01 1.000000000000000000e+00
4.691706100323668194e-01 2.636741675293875486e-01 1.000000000000000000e+00
2.443598882322026156e-01 4.203051244036428713e-01 1.000000000000000000e+00
3.379828671532814632e-01 4.546744575386567067e-01 1.000000000000000000e+00
4.647959478697332725e-01 4.425875798258536165e-01 1.000000000000000000e+00
4.670263808495316860e-01 3.838201442937174135e-01 1.000000000000000000e+00
3.727139068580283543e-01 3.445586145544178858e-01 1.000000000000000000e+00
5.234598073807005258e-01 3.154869493647643464e-01 1.000000000000000000e+00
5.825254852813492867e-01 3.800633118589117898e-01 1.000000000000000000e+00
4.270326819821490538e-01 4.953139515554599304e-01 1.000000000000000000e+00
3.497791368207058271e-01 4.563980659794774630e-01 1.000000000000000000e+00
4.560223938348651473e-01 3.701105069986557750e-01 1.000000000000000000e+00
3.896976622601715512e-01 4.541428790542010874e-01 1.000000000000000000e+00
5.247403678598383525e-01 4.631449232053784781e-01 1.000000000000000000e+00
4.543361159229165058e-01 3.700377134572512272e-01 1.000000000000000000e+00
3.367120502459596820e-01 3.922003169088330576e-01 1.000000000000000000e+00
6.126077372761021822e-01 3.993231406597919086e-01 1.000000000000000000e+00
2.231404977519710064e-01 3.221656628860252169e-01 1.000000000000000000e+00
3.631200212564894003e-01 3.852390738845020146e-01 1.000000000000000000e+00
4.018305717207646399e-01 4.316812226363315741e-01 1.000000000000000000e+00
4.518771996387405121e-01 4.412840169914589716e-01 1.000000000000000000e+00
4.298342254397953810e-01 4.245509973759395983e-01 1.000000000000000000e+00
4.393082194124582895e-01 4.847708889357924544e-01 1.000000000000000000e+00
5.735440604458561520e-01 4.442656707377967695e-01 1.000000000000000000e+00
4.457756866111151073e-01 2.521825279148747767e-01 1.000000000000000000e+00
5.708971631096202426e-01 5.107211646488722945e-01 1.000000000000000000e+00
4.923667857061540531e-01 5.767208058959458761e-01 1.000000000000000000e+00
4.440896173805873315e-01 4.065177629419537420e-01 1.000000000000000000e+00
3.657575082470980732e-01 3.568123529692632245e-01 1.000000000000000000e+00
3.260592269834184376e-01 3.545172089606570820e-01 1.000000000000000000e+00
5.361188484796546305e-01 5.981524007252467801e-01 1.000000000000000000e+00
6.501646647073882068e-01 3.347812235149125182e-01 1.000000000000000000e+00
6.420568613832910998e-01 5.239187601056427557e-01 1.000000000000000000e+00
2.744196777063150350e-01 3.748242253515885469e-01 1.000000000000000000e+00
5.076431824210249077e-01 4.946677500819318118e-01 1.000000000000000000e+00
5.861854465424891636e-01 4.308879667412225944e-01 1.000000000000000000e+00
4.898617172467705227e-01 4.197429846717850577e-01 1.000000000000000000e+00
4.286283520450531181e-01 5.109343493945033288e-01 1.000000000000000000e+00
3.517940122633418376e-01 5.671982050671284803e-01 1.000000000000000000e+00
5.500758999951593786e-01 5.107586938774736351e-01 1.000000000000000000e+00
4.854723368461130728e-01 3.928048618782088997e-01 1.000000000000000000e+00
3.838745675682893599e-01 4.836144143695215170e-01 1.000000000000000000e+00
3.127514449639106076e-01 4.501765217064260804e-01 1.000000000000000000e+00
3.255957846916476828e-01 3.595622730091315167e-01 1.000000000000000000e+00
3.509654220164011851e-01 3.783036200614525169e-01 1.000000000000000000e+00
3.058950119090304010e-01 5.109429875356239492e-01 1.000000000000000000e+00
3.449811716734726419e-01 4.006652787504637603e-01 1.000000000000000000e+00
5.304274166128772894e-01 4.780798005311082677e-01 1.000000000000000000e+00
3.558010318705619457e-01 4.345201479453559834e-01 1.000000000000000000e+00
5.347717842813394240e-01 5.285852842300846621e-01 1.000000000000000000e+00
2.570633889545239636e-01 4.756907408592456199e-01 1.000000000000000000e+00
5.175425101651418558e-01 5.541711064583351165e-01 1.000000000000000000e+00
5.257586657916841766e-01 4.976978678111330656e-01 1.000000000000000000e+00
4.443129042754345726e-01 4.913474289025019370e-01 1.000000000000000000e+00
5.903815065854971511e-01 4.754988190422096972e-01 1.000000000000000000e+00
4.015889449450541493e-01 4.530948109551637404e-01 1.000000000000000000e+00
3.911339554755410286e-01 4.708305308835865621e-01 1.000000000000000000e+00
3.716845455720141356e-01 5.132130315642786655e-01 1.000000000000000000e+00
2.927899672900950434e-01 4.890012605940924351e-01 1.000000000000000000e+00
2.366210210545622028e-01 4.419191123100398300e-01 1.000000000000000000e+00
4.606745482935211133e-01 3.971724541851569534e-01 1.000000000000000000e+00
3.772711199546853189e-01 4.431354271187941118e-01 1.000000000000000000e+00
3.798437001507842803e-01 5.208473451207150662e-01 1.000000000000000000e+00
3.848599881026748548e-01 3.793994513406940827e-01 1.000000000000000000e+00
3.154657348582896037e-01 4.023808102732420178e-01 1.000000000000000000e+00
4.118362870298206135e-01 3.850324665435131966e-01 1.000000000000000000e+00
3.662580106574946370e-01 3.467827223565534411e-01 1.000000000000000000e+00
4.449693248768430975e-01 2.667951693745521657e-01 1.000000000000000000e+00
4.888641172067399454e-01 3.781628327936029654e-01 1.000000000000000000e+00
4.390226573612001637e-01 2.413721418739567526e-01 1.000000000000000000e+00
3.817737161515002975e-01 4.874937224453930740e-01 1.000000000000000000e+00
3.400396691377648439e-01 4.653100237318195664e-01 1.000000000000000000e+00
3.999081950303489674e-01 4.066845082857939442e-01 1.000000000000000000e+00
4.537724869394467175e-01 2.812830678508060900e-01 1.000000000000000000e+00
2.536145873032361608e-01 4.797321770179757694e-01 1.000000000000000000e+00
4.773836892930888309e-01 2.616219421470004081e-01 1.000000000000000000e+00
5.003131962689530976e-01 3.396956711894995595e-01 1.000000000000000000e+00
4.304848749466928526e-01 4.463093478247753265e-01 1.000000000000000000e+00
3.478396061335329303e-01 4.241540842862762672e-01 1.000000000000000000e+00
4.110098374731667170e-01 5.748076146264328168e-01 1.000000000000000000e+00
5.774999403813204646e-01 2.676167261344798431e-01 1.000000000000000000e+00
5.513892013814605253e-01 5.168384137540203982e-01 1.000000000000000000e+00
3.492942744744820804e-01 5.458748614917453557e-01 1.000000000000000000e+00
4.070660162101746304e-01 4.114007762233435339e-01 1.000000000000000000e+00
4.710836429645390844e-01 4.807067249335590930e-01 1.000000000000000000e+00
3.533911168592483998e-01 4.689209655679366651e-01 1.000000000000000000e+00
5.295476086328976262e-01 4.926769562436285055e-01 1.000000000000000000e+00
3.265120561305039359e-01 2.779492461089022037e-01 1.000000000000000000e+00
4.547326712163014539e-01 4.978566649855097892e-01 1.000000000000000000e+00
3.470683350551441171e-01 3.423428166906143377e-01 1.000000000000000000e+00
3.512541589196597758e-01 3.141143773118590388e-01 1.000000000000000000e+00
6.177670143953458703e-01 3.989203658721857115e-01 1.000000000000000000e+00
4.376300465642129489e-01 4.368280722229562762e-01 1.000000000000000000e+00
4.421411698496548470e-01 3.671665451005655667e-01 1.000000000000000000e+00
3.953076561449054838e-01 5.950862146603072000e-01 1.000000000000000000e+00
4.123779869303739187e-01 4.582677389954338820e-01 1.000000000000000000e+00
5.476629879133816381e-01 4.105099632526574838e-01 1.000000000000000000e+00
4.100864661699704095e-01 5.609966881683202677e-01 1.000000000000000000e+00
4.183519505437275909e-01 3.184784030756691586e-01 1.000000000000000000e+00
3.894670725746852136e-01 2.728110942436930419e-01 1.000000000000000000e+00
4.056743647416383158e-01 3.587894695535273626e-01 1.000000000000000000e+00
4.485553166386661572e-01 3.783101394365907533e-01 1.000000000000000000e+00
5.888195677448646581e-01 3.368790100117799446e-01 1.000000000000000000e+00
2.709721895684835125e-01 2.913519121861736783e-01 1.000000000000000000e+00
3.414764654013794920e-01 3.739961707581161421e-01 1.000000000000000000e+00
4.395689951228494707e-01 4.748083423234873979e-01 1.000000000000000000e+00
4.226410999884478437e-01 3.942992736358026384e-01 1.000000000000000000e+00
5.625138621116811954e-01 5.494593682417798775e-01 1.000000000000000000e+00
3.825336531999402045e-01 2.908571355090991961e-01 1.000000000000000000e+00
5.348178156951651774e-01 3.097795988110335630e-01 1.000000000000000000e+00
4.685364151089757567e-01 4.217597268205849348e-01 1.000000000000000000e+00
4.487177536140299905e-01 3.334235131463370583e-01 1.000000000000000000e+00
5.118405090749942321e-01 4.378582728249968414e-01 1.000000000000000000e+00
4.352944928637783040e-01 3.323365455925693657e-01 1.000000000000000000e+00
3.734720782514576176e-01 3.416894062563328727e-01 1.000000000000000000e+00
3.524761234601751503e-01 3.914816900281951617e-01 1.000000000000000000e+00
3.868870573969964699e-01 2.639956887658258533e-01 1.000000000000000000e+00
4.752301605903995751e-01 5.150321754080048331e-01 1.000000000000000000e+00
4.052772801882542075e-01 4.766797414423573631e-01 1.000000000000000000e+00
4.094117082215223968e-01 3.335905448234925408e-01 1.000000000000000000e+00
5.341369545574939925e-01 4.607804128971140223e-01 1.000000000000000000e+00
5.221178889702741133e-01 5.230255118903318623e-01 1.000000000000000000e+00
4.887017229485609571e-01 4.479859968130814329e-01 1.000000000000000000e+00
5.409883509454875838e-01 4.495457124617295297e-01 1.000000000000000000e+00
3.149975516835162304e-01 3.734733810143959221e-01 1.000000000000000000e+00
3.776132375988934253e-01 5.314520923175042322e-01 1.000000000000000000e+00
5.572489124209206723e-01 4.119111120869352605e-01 1.000000000000000000e+00
4.665772262205903909e-01 3.943754702686011471e-01 1.000000000000000000e+00
5.554073542820502363e-01 5.141517889919464679e-01 1.000000000000000000e+00
3.134208562690226629e-01 4.542902241490639481e-01 1.000000000000000000e+00
1.874671389133236166e-01 3.204693925931782483e-01 1.000000000000000000e+00
2.983714217926691226e-01 4.761243865053634283e-01 1.000000000000000000e+00
5.510135157230607872e-01 6.061739352215497201e-01 1.000000000000000000e+00
3.692162963562292122e-01 2.106153532285294228e-01 1.000000000000000000e+00
4.247586759219020847e-01 2.096194189215408454e-01 1.000000000000000000e+00
4.778897693877642849e-01 4.338702892047205939e-01 1.000000000000000000e+00
3.204116155552951817e-01 4.293439650912160288e-01 1.000000000000000000e+00
2.167918754131529513e-01 3.436634220922166749e-01 1.000000000000000000e+00
3.921395322530946137e-01 4.133565937966664494e-01 1.000000000000000000e+00
3.720806227664996135e-01 6.676455940062412386e-01 1.000000000000000000e+00
3.937820751893159610e-01 5.395411839016934774e-01 1.000000000000000000e+00
3.473587583156045322e-01 4.904970883439520590e-01 1.000000000000000000e+00
2.630413075178402171e-01 2.280659803820282439e-01 1.000000000000000000e+00
3.132057084207125475e-01 5.688686703033191128e-01 1.000000000000000000e+00
4.144056082362453930e-01 3.725548692159473263e-01 1.000000000000000000e+00
3.157972506998166784e-01 2.069649469530169261e-01 1.000000000000000000e+00
3.589263650671039030e-01 4.007139818567138079e-01 1.000000000000000000e+00
5.466937665220330533e-01 3.159440355317494342e-01 1.000000000000000000e+00
6.360165252184677431e-01 3.681170414443468153e-01 1.000000000000000000e+00
3.500314017167820979e-01 2.328436861593075335e-01 1.000000000000000000e+00
4.465306107057729901e-01 3.862333253470722205e-01 1.000000000000000000e+00
5.965813422226619034e-01 4.061528824529815895e-01 1.000000000000000000e+00
3.078238600390679758e-01 3.874569734322189651e-01 1.000000000000000000e+00
3.462290484636079690e-01 3.354374696090453578e-01 1.000000000000000000e+00
5.674945106568363151e-01 5.320842992985863606e-01 1.000000000000000000e+00
2.276964468212394621e-01 5.066983485063569770e-01 1.000000000000000000e+00
5.065956063642352847e-01 4.597096443641950914e-01 1.000000000000000000e+00
6.177612659001148199e-01 7.911436508052844818e-01 1.000000000000000000e+00
3.841324151118001295e-01 6.333511653634155136e-01 1.000000000000000000e+00
3.363167662444381256e-01 2.932825097468514941e-01 1.000000000000000000e+00
3.792837959337480580e-01 3.964186211585986608e-01 1.000000000000000000e+00
4.513234929806666518e-01 4.244855650731818031e-01 1.000000000000000000e+00
4.930937460669980732e-01 5.141846062128478945e-01 1.000000000000000000e+00
3.247749224179954375e-01 3.369066507550774192e-01 1.000000000000000000e+00
3.880741900122787746e-01 2.656639443755104968e-01 1.000000000000000000e+00
3.918597498242967769e-01 4.785589759075032368e-01 1.000000000000000000e+00
4.519588976903274324e-01 5.034103320405477477e-01 1.000000000000000000e+00
7.354598750645956473e-01 6.248356005394158919e-01 1.000000000000000000e+00
4.045206252681348147e-01 4.616491530371518159e-01 1.000000000000000000e+00
3.615369700181933488e-01 4.009873344845762966e-01 1.000000000000000000e+00
4.708881131383917951e-01 3.858406386168598545e-01 1.000000000000000000e+00
3.639206424596400646e-01 3.046822738658165886e-01 1.000000000000000000e+00
4.481189081006547448e-01 6.345970489701259210e-01 1.000000000000000000e+00
4.125854964078068399e-01 5.965925968607523888e-01 1.000000000000000000e+00
5.866427920126797702e-01 4.506781337793829278e-01 1.000000000000000000e+00
3.047471085304004346e-01 3.845215112030813676e-01 1.000000000000000000e+00
5.551590121792977506e-01 5.654348762210560375e-01 1.000000000000000000e+00
3.453712718061104359e-01 4.325925158670236303e-01 1.000000000000000000e+00
3.886749843970559448e-01 3.506443711952261233e-01 1.000000000000000000e+00
6.407636650638253162e-01 5.843817902580732415e-01 1.000000000000000000e+00
3.941213970570036085e-01 2.809663157025106273e-01 1.000000000000000000e+00
5.530249458405260832e-01 4.356627386855726480e-01 1.000000000000000000e+00
3.688664801801883608e-01 3.338236536162377255e-01 1.000000000000000000e+00
3.386045257951323939e-01 3.223489661741602008e-01 1.000000000000000000e+00
4.241035320704848455e-01 6.220952297685030663e-01 1.000000000000000000e+00
3.406038777927827832e-01 3.774027391994026481e-01 1.000000000000000000e+00
3.635970884204616782e-01 4.817888881154021030e-01 1.000000000000000000e+00
2.951287664950991152e-01 3.600193585512731498e-01 1.000000000000000000e+00
4.223284349864999676e-01 5.308635668368737459e-01 1.000000000000000000e+00
4.209582683228883515e-01 3.833145501223351181e-01 1.000000000000000000e+00
4.015233590210311454e-01 3.042785748088191466e-01 1.000000000000000000e+00
5.589801168295106537e-01 4.290853257170817447e-01 1.000000000000000000e+00
5.752393152466938053e-01 4.655295058499065997e-01 1.000000000000000000e+00
3.561425911807682976e-01 4.065507357548235334e-01 1.000000000000000000e+00
4.434510666827310987e-01 4.273059354360558282e-01 1.000000000000000000e+00
4.643697403556704684e-01 4.178825257384620184e-01 1.000000000000000000e+00
3.918147547517922269e-01 4.416001058116095224e-01 1.000000000000000000e+00
4.849959137749788041e-01 3.074426055209344422e-01 1.000000000000000000e+00
4.310581713809887305e-01 4.381649180356443352e-01 1.000000000000000000e+00
4.906795730107565978e-01 3.823635694169477128e-01 1.000000000000000000e+00
5.006953871922220634e-01 5.670052303155083129e-01 1.000000000000000000e+00
2.954469329574459513e-01 4.556830842332805220e-01 1.000000000000000000e+00
4.117370183571325559e-01 5.284416508543495761e-01 1.000000000000000000e+00
4.789194286989875149e-01 4.379719600672409285e-01 1.000000000000000000e+00
4.285936335236988914e-01 3.684281168112502058e-01 1.000000000000000000e+00
3.875636536400722254e-01 3.963059160230905653e-01 1.000000000000000000e+00
3.270202917696116707e-01 4.518383510797709945e-01 1.000000000000000000e+00
3.750010259955567360e-01 3.478421590787483808e-01 1.000000000000000000e+00
4.540671320965816715e-01 4.839405962537598471e-01 1.000000000000000000e+00
2.883500770384614387e-01 3.821327639919662178e-01 1.000000000000000000e+00
5.607564737688716106e-01 3.159953307283049906e-01 1.000000000000000000e+00
2.746655049583082708e-01 4.171702409796096966e-01 1.000000000000000000e+00
5.425787009936424710e-01 4.762786583774848981e-01 1.000000000000000000e+00
4.085279027846612232e-01 4.635554018458059589e-01 1.000000000000000000e+00
4.570329673221035782e-01 3.022939004031076626e-01 1.000000000000000000e+00
5.053581873534310764e-01 4.847817511851360006e-01 1.000000000000000000e+00
4.643372090124757712e-01 3.856754865187133063e-01 1.000000000000000000e+00
4.909125100506372408e-01 3.638208486690771015e-01 1.000000000000000000e+00
4.290829502845418530e-01 3.956650037256195240e-01 1.000000000000000000e+00
3.759646514512505200e-01 4.508647015931092072e-01 1.000000000000000000e+00
4.898850787420744313e-01 5.284544134104778301e-01 1.000000000000000000e+00
4.369486717239232099e-01 2.934544582315381511e-01 1.000000000000000000e+00
3.679533946655350052e-01 3.827724348705612289e-01 1.000000000000000000e+00
3.690888624612045921e-01 4.095597296321937253e-01 1.000000000000000000e+00
3.969375557523000531e-01 4.549761215823294735e-01 1.000000000000000000e+00
3.992868552710736041e-01 5.121529609293575813e-01 1.000000000000000000e+00
4.312250122549279308e-01 5.788011399699077852e-01 1.000000000000000000e+00
4.705697346518815105e-01 4.454916461961225815e-01 1.000000000000000000e+00
4.265742097045875925e-01 4.890937129197377442e-01 1.000000000000000000e+00
5.718085544456105174e-01 5.455760472263017080e-01 1.000000000000000000e+00
4.240344643883017239e-01 5.437946619505968915e-01 1.000000000000000000e+00
4.443661009387677718e-01 4.585008226889721872e-01 1.000000000000000000e+00
3.223387969197474279e-01 5.996600855585405565e-01 1.000000000000000000e+00
4.023291928087356362e-01 5.855816124961110702e-01 1.000000000000000000e+00
3.350371631921104654e-01 5.661278976638812743e-01 1.000000000000000000e+00
4.111353269011804312e-01 4.651361914771233175e-01 1.000000000000000000e+00
6.184830402833959573e-01 4.195084171277623231e-01 1.000000000000000000e+00
4.392107961484929546e-01 3.347122673277623250e-01 1.000000000000000000e+00
4.388449068106822781e-01 4.323919879687838641e-01 1.000000000000000000e+00
3.022176298814545081e-01 4.278186488035257140e-01 1.000000000000000000e+00
2.527889618672485850e-01 3.780857661043121598e-01 1.000000000000000000e+00
3.196854156326590091e-01 3.814091323667151423e-01 1.000000000000000000e+00
4.761494651624038066e-01 5.392229358598515931e-01 1.000000000000000000e+00
4.787941728843642109e-01 3.739156741001006812e-01 1.000000000000000000e+00
5.227637952674250021e-01 4.671146361539356140e-01 1.000000000000000000e+00
4.254528251856976029e-01 3.720924527192441267e-01 1.000000000000000000e+00
4.782902888426062149e-01 4.941961183326826768e-01 1.000000000000000000e+00
3.662718474206604902e-01 4.117946959586318845e-01 1.000000000000000000e+00
4.697153129249115322e-01 6.442127688696611676e-01 1.000000000000000000e+00
4.780570055554645981e-01 3.316459428570200374e-01 1.000000000000000000e+00
2.861566366569093800e-01 3.623509587479951111e-01 1.000000000000000000e+00
5.328850442804653476e-01 4.828537687449042104e-01 1.000000000000000000e+00
3.862682008862948213e-01 4.277549031327415596e-01 1.000000000000000000e+00
3.850536616449357075e-01 4.169763465588203766e-01 1.000000000000000000e+00
3.619249629681287050e-01 3.320322771374396575e-01 1.000000000000000000e+00
3.700492595069769797e-01 2.585551339635855927e-01 1.000000000000000000e+00
5.448455615350216164e-01 4.743309017358848800e-01 1.000000000000000000e+00
2.790883896668278075e-01 3.082384331085220031e-01 1.000000000000000000e+00
4.128600469275170437e-01 3.750655918499020136e-01 1.000000000000000000e+00
4.551989108109707471e-01 4.997346422377502706e-01 1.000000000000000000e+00
2.850583181311959202e-01 2.375336425718234390e-01 1.000000000000000000e+00
5.073281454004472391e-01 4.487678125773811311e-01 1.000000000000000000e+00
4.792775340551501673e-01 3.915792374802399278e-01 1.000000000000000000e+00
3.338734380483062703e-01 6.437834709208122286e-01 1.000000000000000000e+00
4.253044766332208515e-01 4.693548353666617268e-01 1.000000000000000000e+00
4.067826500836246861e-01 3.631528618422912857e-01 1.000000000000000000e+00
5.130300751247832691e-01 3.991159843483896852e-01 1.000000000000000000e+00
3.397363301144319392e-01 4.223829494346437174e-01 1.000000000000000000e+00
4.061768540826748430e-01 5.393318476223841751e-01 1.000000000000000000e+00
2.006983383221929915e-02 1.401424716299033146e-01 0.000000000000000000e+00
2.212740233067299056e-01 3.593897371114732064e-01 0.000000000000000000e+00
1.687545880522038910e-01 2.814338684967168658e-01 0.000000000000000000e+00
2.859402391058332715e-01 1.632534320883965995e-01 0.000000000000000000e+00
1.984814362850483294e-01 4.050365651149286372e-01 0.000000000000000000e+00
4.002591408180588561e-01 4.627029914600691574e-01 0.000000000000000000e+00
2.597040280679060453e-01 2.617277125022146600e-01 0.000000000000000000e+00
3.365930792332477162e-01 4.002567482896235429e-01 0.000000000000000000e+00
3.049511613318543479e-01 6.680990515201343238e-02 0.000000000000000000e+00
2.465548491031251399e-01 2.572111177375210889e-01 0.000000000000000000e+00
4.040962390996356013e-01 4.459287118241708758e-01 0.000000000000000000e+00
5.022452799484934394e-01 4.394266954608589959e-01 0.000000000000000000e+00
2.706990502974473967e-01 4.660456007605085493e-01 0.000000000000000000e+00
2.626515921528059239e-01 3.299624664932437335e-01 0.000000000000000000e+00
5.004854917283152460e-01 2.374568374057398901e-01 0.000000000000000000e+00
2.470844549668728685e-01 3.727060411941139351e-01 0.000000000000000000e+00
4.095549187176069639e-01 1.831019269072184374e-01 0.000000000000000000e+00
2.928986176532448193e-01 4.688665524689626940e-01 0.000000000000000000e+00
4.330176596078045836e-01 4.270595692002372434e-01 0.000000000000000000e+00
1.829562110207625936e-01 2.951097261277013106e-01 0.000000000000000000e+00
3.825657258561758201e-01 1.730376986530295369e-01 0.000000000000000000e+00
2.470123325348855259e-01 2.427488931254055127e-01 0.000000000000000000e+00
5.304501692568938109e-01 5.168288526080300205e-01 0.000000000000000000e+00
1.551998934008841646e-01 1.325813141376482041e-01 0.000000000000000000e+00
4.060030753148621274e-01 3.094897808288658569e-01 0.000000000000000000e+00
1.765173814384847495e-01 2.593869895968364259e-01 0.000000000000000000e+00
1.968814430181909381e-01 3.465777189970811190e-01 0.000000000000000000e+00
4.489857861379818460e-01 3.323388501208436319e-01 0.000000000000000000e+00
4.665099724818178584e-01 2.353027439624481854e-01 0.000000000000000000e+00
1.873580032405111340e-01 3.359156889546395797e-01 0.000000000000000000e+00
1.475429556009679732e-01 2.778935741934960846e-01 0.000000000000000000e+00
5.954622542579032229e-01 2.918030331211960982e-01 0.000000000000000000e+00
1.770778967603468257e-01 1.768134886533863082e-01 0.000000000000000000e+00
3.722936297461754696e-01 4.692558953322513715e-01 0.000000000000000000e+00
3.810578074924130254e-01 4.825246101027571566e-01 0.000000000000000000e+00
2.980439536386847998e-01 3.388955533299368161e-01 0.000000000000000000e+00
2.590304597835059175e-01 1.923472698200032749e-01 0.000000000000000000e+00
3.611160019474521365e-01 3.473387213685888431e-01 0.000000000000000000e+00
2.814137667584984959e-01 3.434140651368698394e-01 0.000000000000000000e+00
2.016726505755133403e-01 3.928887258464577870e-01 0.000000000000000000e+00
1.949812800422154602e-01 1.785807792116828052e-01 0.000000000000000000e+00
2.950599895085614932e-01 2.346336233140607352e-01 0.000000000000000000e+00
2.680895147743290741e-01 1.952586614882982352e-01 0.000000000000000000e+00
3.926195790774429928e-01 3.618507014849108305e-01 0.000000000000000000e+00
2.184419524727368445e-01 1.087814841883408823e-01 0.000000000000000000e+00
3.763984140225567487e-01 2.606646955837585433e-01 0.000000000000000000e+00
2.455854843850230895e-01 3.026027357818596997e-01 0.000000000000000000e+00
2.102334917474051323e-01 4.649398525944303806e-01 0.000000000000000000e+00
2.617331721978416459e-01 2.476892290631964866e-01 0.000000000000000000e+00
2.935127361908523302e-01 3.216649304831797340e-01 0.000000000000000000e+00
2.139423331350836788e-01 3.413169081192728993e-01 0.000000000000000000e+00
4.030576855024101679e-01 2.677305882561258898e-01 0.000000000000000000e+00
4.305515117181895612e-01 3.129957525804960561e-01 0.000000000000000000e+00
2.563478601054245964e-01 1.793083800436978126e-01 0.000000000000000000e+00
3.474335407002705489e-01 3.632223038069726240e-01 0.000000000000000000e+00
3.367829794401430710e-01 3.620743055943653199e-01 0.000000000000000000e+00
3.922841022601778471e-01 3.591721067238642928e-01 0.000000000000000000e+00
3.126390010304407885e-01 2.406065070636446424e-01 0.000000000000000000e+00
2.822173744641590654e-01 2.943572041644918480e-01 0.000000000000000000e+00
3.894252412150632781e-01 1.930156240605815920e-01 0.000000000000000000e+00
2.080847314947806004e-01 3.184157774007045916e-01 0.000000000000000000e+00
1.853664109976034813e-01 1.794583979581924615e-01 0.000000000000000000e+00
2.724108173427700064e-01 1.668880043048403539e-01 0.000000000000000000e+00
3.049631486789649015e-01 3.355875840795609077e-01 0.000000000000000000e+00
3.691759275922402717e-01 2.548484546065115097e-01 0.000000000000000000e+00
1.960225405878332494e-01 1.724163078953437900e-01 0.000000000000000000e+00
4.246150106014049963e-01 2.768380747179061130e-01 0.000000000000000000e+00
1.800550162939505983e-01 1.042212533192514584e-01 0.000000000000000000e+00
3.119670908408176957e-01 2.387166076781179480e-01 0.000000000000000000e+00
9.729496065353732126e-02 3.264390956175366454e-01 0.000000000000000000e+00
4.617214041249840806e-01 2.359707393485408478e-01 0.000000000000000000e+00
2.533493454689046409e-01 2.945146961624204862e-01 0.000000000000000000e+00
2.848287058297837016e-01 5.001783516814531927e-01 0.000000000000000000e+00
3.572299567424542244e-01 4.377333728364001808e-01 0.000000000000000000e+00
1.856475036399654888e-01 5.120354016412967946e-01 0.000000000000000000e+00
1.716229235618677018e-01 3.607851581731986168e-01 0.000000000000000000e+00
4.154153088204994293e-01 2.058089867471518675e-01 0.000000000000000000e+00
4.379029034956554156e-01 4.418527768794931476e-01 0.000000000000000000e+00
4.197665246909469405e-01 2.815407862739856548e-01 0.000000000000000000e+00
2.788399823664165500e-01 1.648892567182486946e-01 0.000000000000000000e+00
3.677604912241733692e-01 1.661497484700079907e-01 0.000000000000000000e+00
2.565067756986881831e-01 2.282235581796259738e-01 0.000000000000000000e+00
3.405876153559271868e-01 3.466692023042424742e-01 0.000000000000000000e+00
2.746113757777702280e-01 4.138474568942618892e-01 0.000000000000000000e+00
3.267998197371745350e-01 4.688583619194968133e-01 0.000000000000000000e+00
3.582490011240298533e-01 3.448108203929813875e-01 0.000000000000000000e+00
1.659625954329321806e-01 2.975886186147578827e-01 0.000000000000000000e+00
3.379183219371432179e-01 3.845456915144651044e-01 0.000000000000000000e+00
7.461436351480890683e-02 2.131248586043376636e-01 0.000000000000000000e+00
2.325905397004510711e-01 2.779422138524825781e-01 0.000000000000000000e+00
1.314835973689663373e-01 4.395575688929938551e-01 0.000000000000000000e+00
1.794656515285331655e-01 1.020870551699532419e-01 0.000000000000000000e+00
3.105203156313408597e-01 3.119746665319149681e-01 0.000000000000000000e+00
1.955682654551219035e-01 8.174733030458929128e-02 0.000000000000000000e+00
3.661951966951000892e-01 2.463790766798966969e-01 0.000000000000000000e+00
3.779903986596351295e-01 3.581539021706369175e-01 0.000000000000000000e+00
3.971383900484927731e-01 3.767784496877226164e-01 0.000000000000000000e+00
4.640235522978222171e-01 3.491871109908212256e-01 0.000000000000000000e+00
2.607646087153882020e-01 3.673871151682098768e-01 0.000000000000000000e+00
1.638728305664261531e-01 4.365313716082783180e-01 0.000000000000000000e+00
3.328924373821531835e-01 2.280943401781023172e-01 0.000000000000000000e+00
3.411329286330705979e-01 1.515619561573214591e-01 0.000000000000000000e+00
4.343954076992543323e-01 3.569100518064080019e-01 0.000000000000000000e+00
2.541442367096930499e-01 2.280251278618499744e-01 0.000000000000000000e+00
3.104831700260659022e-01 2.977370736141144447e-01 0.000000000000000000e+00
1.275384441932433666e-01 2.257665999742921592e-01 0.000000000000000000e+00
1.827051992000142400e-01 2.479666482567871311e-01 0.000000000000000000e+00
3.850821782330505205e-01 4.576189254639558834e-01 0.000000000000000000e+00
2.357400271222774568e-01 2.928694278626228220e-01 0.000000000000000000e+00
1.753871035852799798e-01 3.176576076309124974e-01 0.000000000000000000e+00
1.741376873932629910e-01 3.055060536473149235e-01 0.000000000000000000e+00
2.736709247532285172e-01 2.640957306561183549e-01 0.000000000000000000e+00
3.593247455943744950e-01 3.948383953841424487e-01 0.000000000000000000e+00
4.913018517177537015e-01 3.118755907940579664e-01 0.000000000000000000e+00
2.341975226870256499e-01 3.019937957951421836e-01 0.000000000000000000e+00
5.418565892791696870e-01 3.887215542246095779e-01 0.000000000000000000e+00
2.536294444830793360e-01 2.243436442565396871e-01 0.000000000000000000e+00
5.203699124229234085e-01 3.186392617484594680e-01 0.000000000000000000e+00
2.788507594557665392e-01 3.480431910268085849e-01 0.000000000000000000e+00
3.693510426599768692e-01 4.028655083914674528e-01 0.000000000000000000e+00
4.653140405547167568e-01 3.595480642942502358e-01 0.000000000000000000e+00
2.609021739035776166e-01 2.763842035359213023e-01 0.000000000000000000e+00
4.199292609943423571e-01 3.386783483229962588e-01 0.000000000000000000e+00
2.092792295536873293e-01 0.000000000000000000e+00 0.000000000000000000e+00
3.002685777141269607e-01 2.840756525541526800e-01 0.000000000000000000e+00
2.848475666883278912e-01 2.514309644072551531e-01 0.000000000000000000e+00
1.732647977175509613e-01 2.501390194204535233e-01 0.000000000000000000e+00
2.903006107421944870e-01 1.553622073055126729e-01 0.000000000000000000e+00
1.374095594130881337e-01 6.163439693792145679e-02 0.000000000000000000e+00
3.749939497712273528e-01 5.114774391451332169e-01 0.000000000000000000e+00
2.744550769333327644e-01 3.528300843886008065e-01 0.000000000000000000e+00
3.226075234597391983e-01 3.108862874224798678e-01 0.000000000000000000e+00
1.700140386771688550e-01 1.363355623694959273e-01 0.000000000000000000e+00
4.186378440760437636e-01 2.807454828743344288e-01 0.000000000000000000e+00
3.327752185962792875e-01 2.718419519035438769e-01 0.000000000000000000e+00
3.032216350799064597e-01 4.643260556868341049e-01 0.000000000000000000e+00
2.806057860710723939e-01 2.335695133317702288e-01 0.000000000000000000e+00
3.006430468674210488e-01 3.827011379481389808e-01 0.000000000000000000e+00
2.446123332139926720e-01 2.099326454877368520e-01 0.000000000000000000e+00
2.127137751247354380e-01 1.615342624993727216e-01 0.000000000000000000e+00
2.060124353923299956e-01 2.619753954776012361e-01 0.000000000000000000e+00
2.841413814885040412e-01 4.791244604455528466e-01 0.000000000000000000e+00
4.339764429593013229e-01 3.710724675181639176e-01 0.000000000000000000e+00
3.887677833529416538e-01 4.038135093808846166e-01 0.000000000000000000e+00
3.223257213819197831e-01 2.591713023117354076e-01 0.000000000000000000e+00
2.314296853317794889e-01 4.023317812007747851e-01 0.000000000000000000e+00
3.028175302108535583e-01 2.792568003977642377e-01 0.000000000000000000e+00
1.855692711525748148e-02 3.388106709246248571e-01 0.000000000000000000e+00
2.040951977961598107e-01 2.879124069893635451e-01 0.000000000000000000e+00
2.037481984547115654e-01 3.979855919525797647e-01 0.000000000000000000e+00
3.155216962342649589e-01 2.707632210345545798e-01 0.000000000000000000e+00
3.252371037558508537e-01 3.141821319809184332e-01 0.000000000000000000e+00
2.937949248325978924e-01 4.204292765038471491e-01 0.000000000000000000e+00
1.311560863129780097e-01 2.254660841014207717e-01 0.000000000000000000e+00
3.722399289017248036e-01 3.863373117686619285e-01 0.000000000000000000e+00
3.451888849685546545e-01 3.054123944711224503e-01 0.000000000000000000e+00
2.772017782399509578e-01 4.175011773931588954e-01 0.000000000000000000e+00
2.915981312722324970e-01 3.056351318626014946e-01 0.000000000000000000e+00
2.334323978563814239e-01 4.052881814102559654e-01 0.000000000000000000e+00
1.530033229665988537e-01 1.179264902785461394e-01 0.000000000000000000e+00
2.401627253240111448e-01 3.694127031178535692e-01 0.000000000000000000e+00
1.498949210274046484e-01 3.629869573166441543e-01 0.000000000000000000e+00
2.998611408377654386e-01 3.073217784020803034e-01 0.000000000000000000e+00
1.605935733105039731e-01 3.010470222704329513e-01 0.000000000000000000e+00
2.446712675759115108e-01 3.142420273419855303e-01 0.000000000000000000e+00
4.384674340692307215e-01 3.308037754113680728e-01 0.000000000000000000e+00
2.699295857052805281e-01 3.542910690664545226e-01 0.000000000000000000e+00
3.429081615403309913e-01 3.540944478021870734e-01 0.000000000000000000e+00
2.935031616983032055e-01 2.249612130678362854e-01 0.000000000000000000e+00
3.991680859052635921e-01 1.820307415225786152e-01 0.000000000000000000e+00
3.661141588856484663e-01 1.993801829137301362e-01 0.000000000000000000e+00
1.957709577414043223e-01 5.120500302941122239e-01 0.000000000000000000e+00
3.179907094435000525e-01 2.876406479383094572e-01 0.000000000000000000e+00
3.551702713764757768e-01 2.349078455281485844e-01 0.000000000000000000e+00
2.257789004875696282e-01 3.138926182930960040e-01 0.000000000000000000e+00
3.541047710752336375e-01 1.807061922221893657e-01 0.000000000000000000e+00
2.826849602325752775e-01 2.087821391484148137e-01 0.000000000000000000e+00
1.970837740834854579e-01 2.958284735442672786e-01 0.000000000000000000e+00
2.161132515130184117e-01 3.718529683007484876e-01 0.000000000000000000e+00
2.936724455148746471e-01 2.561810624037911821e-01 0.000000000000000000e+00
3.181434976393390235e-01 5.391683529207308423e-01 0.000000000000000000e+00
1.719537168615011546e-01 1.720299939624015950e-01 0.000000000000000000e+00
3.091105248794231986e-01 2.138986982025941064e-01 0.000000000000000000e+00
2.212617020827879477e-01 3.434294838127178173e-01 0.000000000000000000e+00
3.669182858757755739e-01 3.203538670837523528e-01 0.000000000000000000e+00
2.083170751094208240e-01 2.571594209740233894e-01 0.000000000000000000e+00
1.271346263910852203e-01 4.305737191605064629e-01 0.000000000000000000e+00
3.504435609096182569e-01 3.895426206667597091e-01 0.000000000000000000e+00
3.379368727968418695e-01 2.622527596654754545e-01 0.000000000000000000e+00
3.731186670878215428e-01 2.318934024947645056e-01 0.000000000000000000e+00
2.357072540221364088e-01 3.398483093600278004e-01 0.000000000000000000e+00
4.197901049146132157e-01 3.383697114128538797e-01 0.000000000000000000e+00
1.805463523029818829e-01 8.735536700912140129e-02 0.000000000000000000e+00
3.036285441463696944e-01 3.038207509474744050e-01 0.000000000000000000e+00
4.475310947703209918e-01 1.635743056335866030e-01 0.000000000000000000e+00
3.724322987211613478e-01 1.999408054795091816e-01 0.000000000000000000e+00
3.231893229950579816e-01 3.946023419165654023e-01 0.000000000000000000e+00
1.989836087710179502e-01 2.209034106541205023e-01 0.000000000000000000e+00
2.418031696084707027e-01 3.811971688003204517e-01 0.000000000000000000e+00
3.884624246195632624e-01 3.957433368721401945e-01 0.000000000000000000e+00
3.142083476538869991e-01 2.128866659134140416e-01 0.000000000000000000e+00
3.305728759842390119e-01 3.284254781983862448e-01 0.000000000000000000e+00
3.608556887929654788e-01 3.306487931398672808e-01 0.000000000000000000e+00
3.001499791440814802e-01 3.008753387061265383e-01 0.000000000000000000e+00
3.940192236960607386e-01 1.656686916804805954e-01 0.000000000000000000e+00
2.786920226910231668e-01 3.055184895075051532e-01 0.000000000000000000e+00
3.515987454024120940e-01 3.495135008672214383e-01 0.000000000000000000e+00
3.033753719049744890e-01 1.342478420526052318e-01 0.000000000000000000e+00
3.393706416345275145e-01 2.028540373436110988e-01 0.000000000000000000e+00
2.546749655094103781e-01 2.467361993563670919e-01 0.000000000000000000e+00
2.830863148669927609e-01 3.671816701372218605e-01 0.000000000000000000e+00
3.593796683275652937e-01 1.801740458077241702e-01 0.000000000000000000e+00
2.899059804805977358e-01 1.534740655732513004e-01 0.000000000000000000e+00
2.694297552863036405e-01 2.846142721595879554e-01 0.000000000000000000e+00
5.525118042387050510e-01 3.395690253947999948e-01 0.000000000000000000e+00
2.725305057816125309e-01 2.845213063590611435e-01 0.000000000000000000e+00
2.518719249610336663e-01 3.851944091365039347e-01 0.000000000000000000e+00
2.640457192690948141e-01 2.653738657735580375e-01 0.000000000000000000e+00
1.668161628429435939e-01 2.723197526066571394e-01 0.000000000000000000e+00
2.709425041873024242e-01 3.746755467253402583e-01 0.000000000000000000e+00
4.516689087822540194e-01 2.178345934105264670e-01 0.000000000000000000e+00
2.653829219962286490e-01 3.232820764996126583e-01 0.000000000000000000e+00
3.119112201312428945e-01 1.858287582327456944e-01 0.000000000000000000e+00
3.264458803259565611e-01 1.925798232566937052e-01 0.000000000000000000e+00
2.418330467888963053e-01 2.666939427913413430e-01 0.000000000000000000e+00
3.229705515021033535e-01 3.644009030625341428e-01 0.000000000000000000e+00
3.938446064465643270e-01 4.070152143035634107e-01 0.000000000000000000e+00
5.102815564056658593e-01 2.667641900578669456e-01 0.000000000000000000e+00
3.864148431009691298e-01 2.469537215426507726e-01 0.000000000000000000e+00
2.115936024430310758e-01 4.527624244502393980e-01 0.000000000000000000e+00
1.375133547400621548e-01 2.989858949345778893e-01 0.000000000000000000e+00
3.447106812107982310e-01 4.418468642862690143e-01 0.000000000000000000e+00
2.898622246856206730e-01 3.845545863636292139e-01 0.000000000000000000e+00
2.733487841334451551e-01 3.894143257719079321e-01 0.000000000000000000e+00
1.460932643856716062e-01 2.754441899667754434e-01 0.000000000000000000e+00
1.074211983942418708e-01 5.057989347954539028e-01 0.000000000000000000e+00
2.972340107529169440e-01 2.070972704647363050e-01 0.000000000000000000e+00
4.070382805673746773e-01 2.831459694901533042e-01 0.000000000000000000e+00
3.550055883844664972e-01 3.824990359811838436e-01 0.000000000000000000e+00
3.337044792771101109e-01 3.002911321849897619e-01 0.000000000000000000e+00
2.587705093202588014e-01 2.636886610347361493e-01 0.000000000000000000e+00
4.071939932675451290e-01 3.852503637223522737e-01 0.000000000000000000e+00
4.569279157522776469e-01 3.950934351582918169e-01 0.000000000000000000e+00
3.429338456657526346e-01 4.865229632599131215e-01 0.000000000000000000e+00
3.753846107031102441e-01 2.910657504632473969e-01 0.000000000000000000e+00
3.015750614181243461e-01 1.712995038079120347e-01 0.000000000000000000e+00
1.075860291624261139e-01 2.550184095840788423e-01 0.000000000000000000e+00
2.266296919241777841e-01 2.665237923209787252e-01 0.000000000000000000e+00
3.442188458872552648e-01 3.089326253071975614e-01 0.000000000000000000e+00
1.742446719099292329e-01 2.918354053542410176e-01 0.000000000000000000e+00
1.669190745126589992e-01 2.822411382125726287e-01 0.000000000000000000e+00
2.048017821606993860e-01 4.338620572385801233e-01 0.000000000000000000e+00
3.710387667114337651e-01 3.888359145978360076e-01 0.000000000000000000e+00
1.176789898014667796e-01 3.335029295783952796e-01 0.000000000000000000e+00
4.283735872630293207e-01 2.358288579046786404e-01 0.000000000000000000e+00
1.444336329974366950e-01 1.353761269883474172e-01 0.000000000000000000e+00
2.951308591499189338e-01 4.425788317431671448e-01 0.000000000000000000e+00
2.932907490668117956e-01 1.885247858412652244e-01 0.000000000000000000e+00
2.850904012989955993e-01 3.121320980352863539e-01 0.000000000000000000e+00
1.237945671225238603e-01 4.092321370479023446e-01 0.000000000000000000e+00
2.140122177088563116e-01 2.285977852064590421e-01 0.000000000000000000e+00
2.206509569989004438e-01 3.577052432689056261e-01 0.000000000000000000e+00
2.567251198298559078e-01 4.242321297595811891e-01 0.000000000000000000e+00
1.904384661965265735e-01 3.247423979818822581e-01 0.000000000000000000e+00
3.103879724171139110e-01 2.032103296345743881e-01 0.000000000000000000e+00
2.320216053292379066e-01 3.184951370692882811e-01 0.000000000000000000e+00
2.676336785495543880e-01 3.987661269863701508e-01 0.000000000000000000e+00
1.412901763287275902e-01 2.289355273073335473e-01 0.000000000000000000e+00
6.670014415808876718e-02 2.885763976107807438e-01 0.000000000000000000e+00
3.778930614444498959e-01 3.150766281034421690e-01 0.000000000000000000e+00
3.076707888206800523e-01 3.866703551934746463e-01 0.000000000000000000e+00
2.537921761289066436e-01 1.593579753034976842e-01 0.000000000000000000e+00
3.035271333427609908e-01 3.434253382342356553e-01 0.000000000000000000e+00
2.032073072516197842e-01 1.553889568457890169e-01 0.000000000000000000e+00
3.388138564574080247e-01 3.284468767823696678e-01 0.000000000000000000e+00
3.412645358390847261e-01 3.305995450554701232e-01 0.000000000000000000e+00
2.198929867419889828e-01 4.902494210974765454e-01 0.000000000000000000e+00
3.467874119416996526e-01 4.234324763039385431e-01 0.000000000000000000e+00
1.872208222941834643e-01 2.514728306501226585e-01 0.000000000000000000e+00
2.563366840214453268e-01 1.320625200584543135e-01 0.000000000000000000e+00
2.392507074816485335e-01 2.413075313718738291e-01 0.000000000000000000e+00
2.346436644369485902e-01 1.765897980618574559e-01 0.000000000000000000e+00
2.362506375633862676e-01 2.455837972545902026e-01 0.000000000000000000e+00
2.727985195286230513e-01 3.325639555399358960e-01 0.000000000000000000e+00
3.760275790916107752e-01 3.909604955822118533e-01 0.000000000000000000e+00
1.748078224062112884e-01 1.669350398290223303e-01 0.000000000000000000e+00
2.955729492372151657e-01 3.675195110329462223e-01 0.000000000000000000e+00
3.092897265805278351e-01 1.472559075980302001e-01 0.000000000000000000e+00
4.238301036565415569e-01 2.719342316671898296e-01 0.000000000000000000e+00
2.565844532936740197e-01 2.948364040913217798e-01 0.000000000000000000e+00
3.588450162656685039e-01 3.306394135379055466e-01 0.000000000000000000e+00
2.910238972256517509e-01 2.461530249208293553e-01 0.000000000000000000e+00
3.077640740288203891e-01 1.824335089935159304e-01 0.000000000000000000e+00
3.444988097319338638e-01 4.555066707706214024e-01 0.000000000000000000e+00
1.989493137026465686e-01 8.770232490158441641e-02 0.000000000000000000e+00
3.570771011454567656e-01 1.129138537610495790e-01 0.000000000000000000e+00
2.287378272548367397e-01 4.213439606102121759e-01 0.000000000000000000e+00
3.194032333204221974e-01 2.585489773891366805e-01 0.000000000000000000e+00
2.326539839903815909e-01 2.634514669716725987e-01 0.000000000000000000e+00
2.260030321351671756e-01 3.939115655975278241e-01 0.000000000000000000e+00
3.757471485280033385e-01 3.898639827793174417e-01 0.000000000000000000e+00
3.545882588845070127e-01 3.346155508415480373e-01 0.000000000000000000e+00
4.186754331814478980e-01 3.355730814670089823e-01 0.000000000000000000e+00
3.622606906611147704e-01 2.725752793981024991e-01 0.000000000000000000e+00
3.126668415842060456e-01 2.559584210707191443e-01 0.000000000000000000e+00
1.073785238548159299e-01 1.050568179446126627e-01 0.000000000000000000e+00
3.546172416642286995e-01 3.821526501285586463e-01 0.000000000000000000e+00
2.558470077510229257e-01 3.665661694193093068e-01 0.000000000000000000e+00
3.853468183835070948e-01 2.850961985880259286e-01 0.000000000000000000e+00
3.386540802685856222e-01 3.169970178332364719e-01 0.000000000000000000e+00
3.121376393291552809e-01 2.294199674502314101e-01 0.000000000000000000e+00
2.723037602503884380e-01 1.671685935048865257e-01 0.000000000000000000e+00
3.657799045887814571e-01 2.942643514237690550e-01 0.000000000000000000e+00
3.294131789513770059e-01 2.820789015391654830e-01 0.000000000000000000e+00
3.914675805228966521e-01 3.276677714431299182e-01 0.000000000000000000e+00
2.407175252638245055e-01 3.226436916866786131e-01 0.000000000000000000e+00
2.884095091421620127e-01 2.812037862544806144e-01 0.000000000000000000e+00
3.823996593332876226e-01 2.462067369782836856e-01 0.000000000000000000e+00
4.088936776583783628e-01 4.188865310636889494e-01 0.000000000000000000e+00
1.483048238038904010e-01 1.956184296891349261e-01 0.000000000000000000e+00
3.425637488069169234e-01 2.112507768065541858e-01 0.000000000000000000e+00
2.515985322100708910e-01 3.334879411694839924e-01 0.000000000000000000e+00
1.198734885265373973e-01 2.216579782679251043e-01 0.000000000000000000e+00
3.465648880065141935e-01 1.319542678740216191e-01 0.000000000000000000e+00
6.582520311983212913e-02 2.370744033727604783e-01 0.000000000000000000e+00
2.535890408948758834e-01 3.496979509135567099e-01 0.000000000000000000e+00
3.101431603980651652e-01 1.214548974171631296e-01 0.000000000000000000e+00
3.302417247978627346e-01 2.722194885516857621e-01 0.000000000000000000e+00
2.696731585544844823e-01 2.676857761819729786e-01 0.000000000000000000e+00
2.085885722042738200e-01 2.938379077826275276e-01 0.000000000000000000e+00
3.333455587082012062e-01 2.877313059915717619e-01 0.000000000000000000e+00
3.275197956029239910e-01 1.531089536204377488e-01 0.000000000000000000e+00
2.945071970096032055e-01 3.434024504975347059e-01 0.000000000000000000e+00
1.846275194643581252e-01 1.988593695062956523e-01 0.000000000000000000e+00
4.009359156578892192e-01 2.468048107767976396e-01 0.000000000000000000e+00
3.047157487627771277e-01 1.914060807340866310e-01 0.000000000000000000e+00
1.756034116855881566e-01 1.447731326661373108e-01 0.000000000000000000e+00
2.988483779499727655e-01 2.443407335014174953e-01 0.000000000000000000e+00
2.297297994211882355e-01 1.005811388436456122e-01 0.000000000000000000e+00
1.700529425989129040e-01 2.354330070879741277e-01 0.000000000000000000e+00
3.510544477113951012e-01 4.761213031224920122e-01 0.000000000000000000e+00
2.621160048498820672e-01 1.032123866493051267e-01 0.000000000000000000e+00
3.148415243828027732e-01 2.260904993695670995e-01 0.000000000000000000e+00
2.759308592180532149e-01 2.409194056931225625e-01 0.000000000000000000e+00
3.963112744842545165e-01 3.405121812331992071e-01 0.000000000000000000e+00
1.818643015683837627e-01 2.255751569724173955e-01 0.000000000000000000e+00
4.226271759446332266e-01 4.265450413533370955e-01 0.000000000000000000e+00
2.492745925564967269e-01 2.937638118053899627e-01 0.000000000000000000e+00
9.072260254519004530e-02 1.091064910473554250e-01 0.000000000000000000e+00
2.857822004638165825e-01 1.546226901945957077e-01 0.000000000000000000e+00
3.207572454158206798e-01 2.343509523680870343e-01 0.000000000000000000e+00
2.530416808471070422e-01 2.619312824935147166e-01 0.000000000000000000e+00
2.716660337940531855e-01 2.451974267860531631e-01 0.000000000000000000e+00
2.783929894709966102e-01 2.238934051681734927e-01 0.000000000000000000e+00
6.919309781532978487e-02 2.220416670234421352e-01 0.000000000000000000e+00
4.191113022656238196e-01 2.957853856022070738e-01 0.000000000000000000e+00
3.135735416227989902e-01 2.453887266377755838e-01 0.000000000000000000e+00
2.358281389746056667e-01 1.798590028157630027e-01 0.000000000000000000e+00
1.571554695413066860e-01 3.601657978835101637e-01 0.000000000000000000e+00
3.275394411778996262e-01 1.901217824318031657e-01 0.000000000000000000e+00
2.563595783398284200e-01 1.627073407071385480e-01 0.000000000000000000e+00
3.450057044305130383e-01 2.248039558910602531e-01 0.000000000000000000e+00
3.454997358668602803e-01 3.586579775334240439e-01 0.000000000000000000e+00
2.244700624236233011e-01 3.061510734468894102e-01 0.000000000000000000e+00
2.025078193357335854e-01 4.261141004375918473e-01 0.000000000000000000e+00
4.433291549441710777e-01 3.699659588663768428e-01 0.000000000000000000e+00
2.867200614107958123e-01 4.085871438320151094e-01 0.000000000000000000e+00
3.028793998995819581e-01 4.532813747487518530e-01 0.000000000000000000e+00
3.701501495876527992e-01 2.169720646051620516e-01 0.000000000000000000e+00
2.328984410152351581e-01 3.487581219598568927e-01 0.000000000000000000e+00
2.832563354931726396e-01 2.647721573830711383e-01 0.000000000000000000e+00
1.638389881554397631e-01 3.490583902473985978e-01 0.000000000000000000e+00
2.108964545489177278e-01 4.221780401294216167e-01 0.000000000000000000e+00
2.744622886551135177e-01 1.592955617906240684e-01 0.000000000000000000e+00
2.774719683903547063e-01 2.279008802772514997e-01 0.000000000000000000e+00
4.157466018498067739e-01 3.989329541604945129e-01 0.000000000000000000e+00
3.336461668647280193e-02 3.445614927496339908e-01 0.000000000000000000e+00
2.558288208351396364e-01 1.866632718105863120e-01 0.000000000000000000e+00
4.554396845454349307e-01 2.603561572774368282e-01 0.000000000000000000e+00
1.497040673544320355e-01 3.416864016528465275e-01 0.000000000000000000e+00
3.655958372400845424e-01 2.552058951529912467e-01 0.000000000000000000e+00
2.091746621733589495e-01 3.843402752002083589e-01 0.000000000000000000e+00
3.711003010546299330e-01 2.846303903535382651e-01 0.000000000000000000e+00
3.899091507617067909e-01 3.219125758898194190e-01 0.000000000000000000e+00
1.650754914584797450e-01 2.372267430875830418e-01 0.000000000000000000e+00
2.995693859352664412e-01 3.805430965017583822e-01 0.000000000000000000e+00
1.635007178286401464e-01 1.095265696986158638e-01 0.000000000000000000e+00
4.089820148009021272e-01 3.224831646504287552e-01 0.000000000000000000e+00
3.348124145244137928e-01 4.117705450839216352e-01 0.000000000000000000e+00
2.945838936386869777e-01 2.241209759356198039e-01 0.000000000000000000e+00
3.252806027617319851e-01 2.028977980429876038e-01 0.000000000000000000e+00
3.476756588400826686e-01 2.704886395892912576e-01 0.000000000000000000e+00
2.333069865105269203e-01 3.633666139056827005e-01 0.000000000000000000e+00
2.940802726114334353e-01 2.729500275196689585e-01 0.000000000000000000e+00
4.362819922302769160e-01 1.592253694469435710e-01 0.000000000000000000e+00
3.175403407708295989e-01 3.005268835643724601e-01 0.000000000000000000e+00
4.485086108572852170e-01 2.997613285812644746e-01 0.000000000000000000e+00
2.648126937687989013e-01 1.805742766433914293e-01 0.000000000000000000e+00
2.059260746480862936e-01 1.802228604922599120e-01 0.000000000000000000e+00
2.342654750747137360e-01 2.071233795648821374e-01 0.000000000000000000e+00
4.300893253161884866e-01 3.596250540437450072e-01 0.000000000000000000e+00
8.437532410006742811e-02 2.681010225802086255e-01 0.000000000000000000e+00
2.580780681473045512e-01 2.958223748485076521e-01 0.000000000000000000e+00
4.138128641278912001e-01 2.800031004168637150e-01 0.000000000000000000e+00
3.129521280361514668e-01 2.220014762020492416e-01 0.000000000000000000e+00
4.460604323210679567e-01 3.278582383294369462e-01 0.000000000000000000e+00
3.405964357324531844e-01 2.602533873983678969e-01 0.000000000000000000e+00
5.200282785451852963e-01 5.324162483684961034e-01 0.000000000000000000e+00
3.992535038294834360e-01 2.182024681135405764e-01 0.000000000000000000e+00
4.096695782031282151e-01 4.816572926654901221e-01 0.000000000000000000e+00
3.296848307979192705e-01 2.851579786972383013e-01 0.000000000000000000e+00
1.632178136012776004e-01 3.324171725553753953e-01 0.000000000000000000e+00
2.922519851939376911e-01 4.094936915023719703e-01 0.000000000000000000e+00
3.253324348115948506e-01 3.126073055889910801e-01 0.000000000000000000e+00
1.123258719948839746e-01 1.877553704136915580e-01 0.000000000000000000e+00
3.204207602881328776e-01 3.446398777948170289e-01 0.000000000000000000e+00
1.803125002264379384e-01 3.381533239571615224e-01 0.000000000000000000e+00
2.225432715854598065e-01 3.579684906021904922e-01 0.000000000000000000e+00
4.463141673529563147e-01 2.292130963057443516e-01 0.000000000000000000e+00
3.657101079948572031e-01 1.695783357193149654e-01 0.000000000000000000e+00
3.354415141557130497e-01 4.515594322298685515e-01 0.000000000000000000e+00
3.458488485433923176e-01 1.411142900717488602e-01 0.000000000000000000e+00
