5.473617276478307536e-01 6.332448189320727394e-01 2.000000000000000000e+00
5.883216470696279732e-01 6.603204463666463297e-01 2.000000000000000000e+00
6.158875392237532775e-01 6.947007144328212203e-01 2.000000000000000000e+00
2.682381926147728302e-01 3.555445594138443854e-01 2.000000000000000000e+00
4.919311683599597029e-01 7.977832359702866638e-01 2.000000000000000000e+00
5.039827523017039734e-01 8.093373350680956868e-01 2.000000000000000000e+00
5.042778869728071767e-01 8.520300540705542103e-01 2.000000000000000000e+00
4.956291145768380035e-01 5.793148718079845771e-01 2.000000000000000000e+00
2.750027547853255427e-01 6.485010433135304231e-01 2.000000000000000000e+00
5.628314668440859148e-01 7.385037434715415738e-01 2.000000000000000000e+00
6.517230498001442829e-01 6.604212806384872625e-01 2.000000000000000000e+00
4.346509162667935300e-01 5.595337991393520838e-01 2.000000000000000000e+00
3.721205502204538162e-01 5.459648043422643537e-01 2.000000000000000000e+00
5.642833514871072875e-01 7.253235452678701289e-01 2.000000000000000000e+00
3.769574868436105786e-01 7.634190513261294164e-01 2.000000000000000000e+00
6.688368620624642880e-01 7.685069223443051767e-01 2.000000000000000000e+00
6.365626703952729226e-01 5.834084361667749574e-01 2.000000000000000000e+00
2.853498823286165775e-01 7.293666527278048761e-01 2.000000000000000000e+00
5.753803552883259842e-01 7.387112926372448873e-01 2.000000000000000000e+00
3.987998492693199948e-01 5.304314504486630222e-01 2.000000000000000000e+00
4.307547672205438438e-01 7.524058630302380424e-01 2.000000000000000000e+00
4.072381692177969859e-01 4.402803220749849089e-01 2.000000000000000000e+00
5.773495426351741289e-01 6.455173983621323996e-01 2.000000000000000000e+00
4.727988408449889102e-01 6.370201563111826948e-01 2.000000000000000000e+00
5.858460759719524846e-01 4.276482657462531423e-01 2.000000000000000000e+00
6.168626336241380681e-01 7.322871883120397607e-01 2.000000000000000000e+00
5.453249037134084709e-01 4.802166871942621373e-01 2.000000000000000000e+00
4.975913572634438342e-01 6.252352843779072078e-01 2.000000000000000000e+00
4.598582808829585478e-01 6.031737392474973980e-01 2.000000000000000000e+00
4.006446417715193165e-01 4.136451513892718257e-01 2.000000000000000000e+00
4.695775620290212893e-01 6.842434169902454899e-01 2.000000000000000000e+00
4.772235050061010564e-01 5.935732932563022590e-01 2.000000000000000000e+00
4.774395353739078196e-01 8.415072924837000423e-01 2.000000000000000000e+00
2.940056152759139008e-01 6.341800997217948987e-01 2.000000000000000000e+00
4.639952463788649117e-01 5.858661280598882470e-01 2.000000000000000000e+00
3.539933382884055124e-01 5.844313111487025036e-01 2.000000000000000000e+00
5.132404633672129624e-01 6.072333313623177187e-01 2.000000000000000000e+00
5.043468894148707138e-01 6.519034199341913194e-01 2.000000000000000000e+00
4.530750557747794116e-01 4.698677181055261332e-01 2.000000000000000000e+00
4.953074596970682419e-01 6.052590023975997768e-01 2.000000000000000000e+00
3.651854420295360115e-01 7.279186509626085488e-01 2.000000000000000000e+00
5.724739914200827062e-01 8.507533524385716417e-01 2.000000000000000000e+00
5.452845094086051780e-01 8.674002827036437768e-01 2.000000000000000000e+00
3.930371368709519864e-01 7.961571274585356184e-01 2.000000000000000000e+00
4.097456034464065366e-01 8.582354198320760741e-01 2.000000000000000000e+00
6.115214492024263482e-01 6.656810239854151767e-01 2.000000000000000000e+00
5.404635053237197839e-01 8.756152022416511249e-01 2.000000000000000000e+00
3.804529051882318824e-01 7.312831151983367750e-01 2.000000000000000000e+00
4.315926126503396576e-01 5.869294998023263377e-01 2.000000000000000000e+00
5.767047638198773418e-01 3.977986801860837751e-01 2.000000000000000000e+00
6.839516264421352520e-01 8.733072337091202231e-01 2.000000000000000000e+00
6.298201113467116752e-01 8.431942021038374424e-01 2.000000000000000000e+00
5.908244434301035408e-01 8.659982871501810120e-01 2.000000000000000000e+00
5.386365046233663190e-01 9.091642440992800944e-01 2.000000000000000000e+00
4.349771166523552779e-01 7.056632497608145149e-01 2.000000000000000000e+00
2.881555357975768006e-01 7.101193710003648185e-01 2.000000000000000000e+00
6.516529658881469178e-01 6.089826283294464959e-01 2.000000000000000000e+00
5.217931339519379375e-01 6.307634558153001336e-01 2.000000000000000000e+00
4.398605584302641702e-01 5.964326707778625503e-01 2.000000000000000000e+00
5.536870134425861956e-01 4.990195137135627346e-01 2.000000000000000000e+00
4.649536067489770663e-01 6.590849231917995654e-01 2.000000000000000000e+00
6.265325244759286649e-01 4.134219828191607049e-01 2.000000000000000000e+00
4.709854906625866033e-01 5.947556729448755242e-01 2.000000000000000000e+00
5.597374507825551015e-01 7.019240104385978674e-01 2.000000000000000000e+00
6.222218861891831709e-01 7.966809395062198762e-01 2.000000000000000000e+00
5.048248185821776479e-01 7.221547341276808307e-01 2.000000000000000000e+00
3.934129067974052041e-01 7.983730325881579493e-01 2.000000000000000000e+00
5.491670043688844371e-01 5.699161283883628082e-01 2.000000000000000000e+00
4.518718008453928570e-01 5.446613849449928324e-01 2.000000000000000000e+00
4.856668920614575780e-01 7.964357202466053609e-01 2.000000000000000000e+00
4.929602472191757512e-01 5.915216460438901258e-01 2.000000000000000000e+00
6.017304823805538216e-01 5.866251715536356937e-01 2.000000000000000000e+00
4.582385308208999919e-01 6.455572773962516830e-01 2.000000000000000000e+00
5.472049459149317396e-01 6.320947508235449375e-01 2.000000000000000000e+00
5.333294211040903177e-01 7.874063368697254983e-01 2.000000000000000000e+00
4.703004232657611583e-01 5.988785765211589451e-01 2.000000000000000000e+00
5.920592698521067732e-01 5.948910374709717175e-01 2.000000000000000000e+00
3.149046755203353531e-01 5.019106487389657367e-01 2.000000000000000000e+00
5.660034898121820701e-01 6.802788422334649088e-01 2.000000000000000000e+00
3.420818136655672803e-01 6.271155558180893097e-01 2.000000000000000000e+00
7.249926525635429497e-01 7.282773817044485565e-01 2.000000000000000000e+00
5.356415797041925719e-01 7.498077577648847303e-01 2.000000000000000000e+00
4.157433881531296671e-01 6.211887758324992070e-01 2.000000000000000000e+00
5.403825509290707263e-01 5.764569302107240834e-01 2.000000000000000000e+00
5.195486340824208016e-01 6.171622855711293987e-01 2.000000000000000000e+00
4.801511511194875848e-01 6.069646634077260350e-01 2.000000000000000000e+00
5.411636497773981702e-01 7.172476492600677878e-01 2.000000000000000000e+00
5.481667058780531621e-01 5.558657019844905900e-01 2.000000000000000000e+00
5.402580603170279439e-01 7.606498241118608838e-01 2.000000000000000000e+00
5.203225202480177281e-01 8.924523505752711694e-01 2.000000000000000000e+00
3.964544098719775533e-01 5.845842345094391934e-01 2.000000000000000000e+00
4.967212034160706224e-01 8.590993908435685666e-01 2.000000000000000000e+00
3.629455351631305504e-01 5.263158100196494438e-01 2.000000000000000000e+00
5.736172739637471762e-01 7.076934932867775530e-01 2.000000000000000000e+00
3.992627067723230616e-01 5.966481136756714987e-01 2.000000000000000000e+00
4.033575233435259255e-01 6.913058051509566315e-01 2.000000000000000000e+00
5.928982136131765168e-01 6.547312656348522886e-01 2.000000000000000000e+00
5.278635508149963629e-01 3.425102786734810500e-01 2.000000000000000000e+00
5.693850186946631808e-01 6.909513174919296175e-01 2.000000000000000000e+00
4.988288077074385374e-01 6.977979930158484390e-01 2.000000000000000000e+00
5.749884078832038226e-01 7.264388190912146603e-01 2.000000000000000000e+00
3.652465968605079771e-01 6.263658261879672118e-01 2.000000000000000000e+00
5.745715890717369989e-01 6.904850993509982215e-01 2.000000000000000000e+00
4.565708044509591002e-01 7.559464210147889274e-01 2.000000000000000000e+00
3.861041273759509007e-01 5.962494466242824753e-01 2.000000000000000000e+00
3.586563706460410006e-01 5.714993131535277548e-01 2.000000000000000000e+00
4.009763983788581232e-01 4.908693109744887151e-01 2.000000000000000000e+00
5.158486155349776281e-01 5.847019565231381666e-01 2.000000000000000000e+00
3.895780942867296259e-01 6.328664209042017541e-01 2.000000000000000000e+00
2.921794542253368654e-01 7.017287917359918969e-01 2.000000000000000000e+00
5.378023346635161239e-01 7.574534888211993389e-01 2.000000000000000000e+00
5.952619262374969633e-01 6.661112202988817010e-01 2.000000000000000000e+00
5.967665232395067409e-01 5.818524749316996703e-01 2.000000000000000000e+00
4.412531284873729143e-01 3.691287677747203122e-01 2.000000000000000000e+00
6.988821022493170165e-01 9.230796011723300110e-01 2.000000000000000000e+00
6.356429445241450482e-01 6.560637322794838910e-01 2.000000000000000000e+00
4.490942242528369044e-01 5.764829857114905920e-01 2.000000000000000000e+00
5.607785789804655696e-01 6.734795753917132144e-01 2.000000000000000000e+00
4.890224256085405896e-01 6.212125424505505755e-01 2.000000000000000000e+00
5.577632525408180442e-01 8.105332359796517672e-01 2.000000000000000000e+00
5.033358405646716216e-01 6.350662904439752232e-01 2.000000000000000000e+00
5.859162364108507770e-01 5.239163550428015403e-01 2.000000000000000000e+00
5.194692891585054317e-01 7.067109639100566110e-01 2.000000000000000000e+00
4.834896349497058154e-01 8.542162946545420743e-01 2.000000000000000000e+00
8.154464765678547389e-01 6.636086303441243173e-01 2.000000000000000000e+00
4.783434681988046333e-01 8.394810370521728071e-01 2.000000000000000000e+00
4.529400283027565366e-01 8.154259634598944873e-01 2.000000000000000000e+00
4.839620043491043022e-01 5.838019656676495250e-01 2.000000000000000000e+00
4.814524030185521886e-01 5.868878515874702551e-01 2.000000000000000000e+00
3.927257906561953393e-01 7.931233854453269005e-01 2.000000000000000000e+00
4.738075929212985371e-01 7.396690100851186500e-01 2.000000000000000000e+00
4.656058678969209885e-01 5.129659610526078328e-01 2.000000000000000000e+00
5.549847129024140235e-01 6.262436257001808837e-01 2.000000000000000000e+00
3.573440609317053984e-01 5.565324984966346644e-01 2.000000000000000000e+00
5.311666913642966170e-01 8.565734379301525037e-01 2.000000000000000000e+00
4.764663761046237789e-01 7.899716233273691435e-01 2.000000000000000000e+00
3.253033087673706247e-01 7.074002349056657257e-01 2.000000000000000000e+00
4.748086240255615653e-01 7.601444738852356497e-01 2.000000000000000000e+00
4.173243278525066158e-01 4.783822550305479315e-01 2.000000000000000000e+00
6.032455826580895852e-01 6.720833014730298594e-01 2.000000000000000000e+00
3.343068521217726907e-01 7.420263743665054257e-01 2.000000000000000000e+00
5.711834271038486177e-01 7.723133610958818895e-01 2.000000000000000000e+00
4.864801542975804582e-01 4.497569860185899882e-01 2.000000000000000000e+00
5.033568347868363491e-01 5.281299734541257118e-01 2.000000000000000000e+00
5.392920498026897436e-01 5.450967621372210248e-01 2.000000000000000000e+00
4.784803011271434037e-01 5.241063129322174330e-01 2.000000000000000000e+00
5.288579341571321146e-01 6.268358974613289503e-01 2.000000000000000000e+00
5.329519196158264416e-01 5.273868749925050281e-01 2.000000000000000000e+00
4.316158345928811646e-01 4.668771071162274300e-01 2.000000000000000000e+00
3.194860389935995637e-01 5.848278961252603159e-01 2.000000000000000000e+00
3.661250246188276769e-01 6.097973577780667620e-01 2.000000000000000000e+00
2.688925856010873083e-01 4.682525067514123340e-01 2.000000000000000000e+00
6.623602988744259346e-01 7.068253147625803701e-01 2.000000000000000000e+00
5.794002204310531035e-01 6.024173416699097894e-01 2.000000000000000000e+00
4.307220061730897553e-01 4.850736883932788568e-01 2.000000000000000000e+00
3.561673101344053904e-01 3.781700125010277747e-01 2.000000000000000000e+00
4.954840739054399146e-01 7.130133483047562670e-01 2.000000000000000000e+00
3.902046239144162931e-01 6.219533111442819839e-01 2.000000000000000000e+00
3.893598423031732203e-01 6.951379292226360640e-01 2.000000000000000000e+00
5.842790314596526535e-01 6.935652003122301235e-01 2.000000000000000000e+00
2.980731112257910542e-01 5.391740667681795829e-01 2.000000000000000000e+00
3.749084180053605109e-01 5.717218354412050285e-01 2.000000000000000000e+00
4.130364790308257428e-01 4.959602636947993415e-01 2.000000000000000000e+00
5.039194834732155792e-01 7.499289049077773051e-01 2.000000000000000000e+00
3.513992141217445186e-01 8.146223124920147773e-01 2.000000000000000000e+00
5.897844067483053454e-01 5.894230746352351336e-01 2.000000000000000000e+00
3.480480163498763657e-01 4.223529656732989968e-01 2.000000000000000000e+00
6.336343291168023972e-01 5.442625168066358432e-01 2.000000000000000000e+00
3.535797261776745248e-01 4.849713786164419616e-01 2.000000000000000000e+00
4.087197297620804304e-01 6.869785224810038837e-01 2.000000000000000000e+00
4.902161406056039783e-01 6.922742999079961601e-01 2.000000000000000000e+00
4.159540934992712602e-01 6.024049232606841775e-01 2.000000000000000000e+00
4.282250541028076452e-01 6.521809979408317304e-01 2.000000000000000000e+00
5.128518473167057445e-01 6.703180326635607145e-01 2.000000000000000000e+00
3.285430953675539389e-01 5.027775163290743032e-01 2.000000000000000000e+00
5.974209664797696107e-01 7.111462526970097064e-01 2.000000000000000000e+00
3.753566044914347644e-01 6.898374829519657858e-01 2.000000000000000000e+00
5.159786096869845018e-01 4.757373844449018785e-01 2.000000000000000000e+00
2.963914535909251136e-01 5.647386597386698792e-01 2.000000000000000000e+00
3.318221691891817260e-01 8.131896941601939321e-01 2.000000000000000000e+00
3.548142808195723363e-01 6.952331874584991578e-01 2.000000000000000000e+00
4.580053992445358713e-01 7.948935392177641779e-01 2.000000000000000000e+00
5.779473357252584709e-01 6.638452863112657143e-01 2.000000000000000000e+00
5.376534788244035079e-01 4.315719839678929803e-01 2.000000000000000000e+00
5.746628601984981044e-01 5.908906064386432178e-01 2.000000000000000000e+00
3.930680756220735206e-01 6.235979523165324778e-01 2.000000000000000000e+00
3.345033393462212845e-01 5.371556198544565897e-01 2.000000000000000000e+00
5.874852618194591480e-01 7.183206275147850928e-01 2.000000000000000000e+00
6.083299468476626171e-01 7.398284134014955216e-01 2.000000000000000000e+00
5.232940073006595583e-01 6.755342349992131679e-01 2.000000000000000000e+00
3.493791058614117429e-01 6.905058629188376429e-01 2.000000000000000000e+00
4.168103173918256688e-01 6.452423057246526872e-01 2.000000000000000000e+00
4.604789974402466179e-01 8.202095826187097982e-01 2.000000000000000000e+00
6.483937890580556695e-01 7.459830338232881219e-01 2.000000000000000000e+00
5.663618376063567217e-01 9.086454322485756352e-01 2.000000000000000000e+00
3.401586603067829895e-01 4.979705715261510957e-01 2.000000000000000000e+00
4.355366622496930629e-01 6.258020572778495438e-01 2.000000000000000000e+00
6.068110051232643576e-01 5.524264292453380243e-01 2.000000000000000000e+00
4.972445238437233628e-01 5.597540402355232203e-01 2.000000000000000000e+00
5.252285960322280456e-01 7.459750550958770265e-01 2.000000000000000000e+00
6.538370634137309345e-01 6.707935394221116177e-01 2.000000000000000000e+00
4.681935660806839650e-01 7.594978691553240235e-01 2.000000000000000000e+00
1.672968668902701517e-01 6.908145400654335244e-01 2.000000000000000000e+00
4.705741529589051453e-01 6.866068589497372754e-01 2.000000000000000000e+00
3.712855889652080243e-01 5.940715451071212350e-01 2.000000000000000000e+00
6.447667621414525652e-01 7.115466794847904453e-01 2.000000000000000000e+00
3.808218153564869590e-01 6.212712110915095121e-01 2.000000000000000000e+00
3.723958381477399660e-01 5.710485883150463460e-01 2.000000000000000000e+00
4.850040044725839050e-01 6.520239285772524429e-01 2.000000000000000000e+00
4.498645844946240757e-01 5.388384495584433997e-01 2.000000000000000000e+00
5.136713493814261122e-01 6.952251959171805717e-01 2.000000000000000000e+00
3.086616739669399423e-01 6.997811044338433373e-01 2.000000000000000000e+00
4.279508637996187193e-01 6.893597284440331485e-01 2.000000000000000000e+00
6.718167167447218757e-01 7.057681960966503132e-01 2.000000000000000000e+00
5.093757215111186509e-01 5.381798581408698823e-01 2.000000000000000000e+00
6.329327611501525119e-01 6.376924440396052329e-01 2.000000000000000000e+00
3.677661690895760449e-01 5.382905253570643422e-01 2.000000000000000000e+00
4.754308776416299454e-01 4.666233926690792622e-01 2.000000000000000000e+00
4.231901675692474885e-01 5.641994144979438630e-01 2.000000000000000000e+00
4.487155786219694242e-01 6.540358307578432173e-01 2.000000000000000000e+00
5.632405792776961073e-01 7.399002421419081932e-01 2.000000000000000000e+00
3.973618332474977977e-01 5.335255512135874678e-01 2.000000000000000000e+00
4.326544620809129049e-01 7.432228150564081925e-01 2.000000000000000000e+00
5.853115714936633074e-01 6.543864022202970920e-01 2.000000000000000000e+00
6.238560528960127582e-01 6.940869164278068437e-01 2.000000000000000000e+00
4.845818740982109629e-01 5.947551124795865674e-01 2.000000000000000000e+00
4.756607376193332515e-01 5.634739894394924509e-01 2.000000000000000000e+00
6.229487685489627502e-01 6.252498768823503417e-01 2.000000000000000000e+00
5.312843923669299251e-01 4.435002200287334051e-01 2.000000000000000000e+00
4.976716621426322540e-01 4.476132743436512240e-01 2.000000000000000000e+00
7.693340929667989991e-01 1.000000000000000000e+00 2.000000000000000000e+00
5.423167274411407890e-01 5.875571883534210782e-01 2.000000000000000000e+00
6.271905042640564254e-01 6.008524346029447960e-01 2.000000000000000000e+00
4.632287787043055105e-01 5.358905148170106658e-01 2.000000000000000000e+00
2.425672893297020905e-01 5.139019565918973020e-01 2.000000000000000000e+00
2.981000126282595808e-01 6.700020414532122937e-01 2.000000000000000000e+00
5.581390672494458416e-01 7.185691710220261097e-01 2.000000000000000000e+00
4.272590124728581906e-01 5.157813383803674379e-01 2.000000000000000000e+00
5.183612680035839526e-01 6.590746141252256107e-01 2.000000000000000000e+00
6.336759654583783430e-01 6.789054674546836088e-01 2.000000000000000000e+00
3.990970047783125030e-01 7.327404081032764527e-01 2.000000000000000000e+00
6.958123814133656548e-01 7.257685122537352873e-01 2.000000000000000000e+00
5.079697596768544265e-01 5.774793108232436634e-01 2.000000000000000000e+00
4.052109192914536973e-01 7.272524536057450861e-01 2.000000000000000000e+00
3.671607273368736046e-01 6.538973223270941881e-01 2.000000000000000000e+00
4.370285073316708124e-01 4.753320356944214509e-01 2.000000000000000000e+00
5.230584675773841674e-01 6.775470801270073729e-01 2.000000000000000000e+00
5.034522408081266720e-01 4.282098948268348582e-01 2.000000000000000000e+00
6.154521467408363700e-01 5.846465977938646308e-01 2.000000000000000000e+00
3.961547298155014274e-01 5.439135485081925125e-01 2.000000000000000000e+00
4.796235395959343450e-01 6.043299207791852368e-01 2.000000000000000000e+00
5.788212155262366654e-01 6.646908313026728132e-01 2.000000000000000000e+00
4.133565166922374967e-01 6.528139230387272063e-01 2.000000000000000000e+00
6.316987861706451213e-01 6.861365626014341856e-01 2.000000000000000000e+00
6.072529239355929365e-01 7.534362685118992653e-01 2.000000000000000000e+00
5.552902401940033039e-01 6.930727146389042970e-01 2.000000000000000000e+00
5.736356598046677968e-01 7.141904343957242718e-01 2.000000000000000000e+00
3.360452109686398181e-01 5.784703562983678493e-01 2.000000000000000000e+00
5.217138783487473841e-01 7.933110923517965318e-01 2.000000000000000000e+00
3.770987160815121308e-01 5.704683445424787447e-01 2.000000000000000000e+00
6.963260437793027391e-01 6.222761913129939426e-01 2.000000000000000000e+00
3.329734941352492372e-01 6.731330904737660159e-01 2.000000000000000000e+00
3.741956225016987436e-01 4.859951897828568290e-01 2.000000000000000000e+00
4.651064992913452323e-01 8.384639604623961295e-01 2.000000000000000000e+00
4.963951528546534098e-01 8.481879934914200447e-01 2.000000000000000000e+00
3.692444629128897593e-01 7.196392347835764980e-01 2.000000000000000000e+00
3.672363811489273711e-01 4.697665308917279847e-01 2.000000000000000000e+00
5.070056431698436450e-01 6.440124971070726456e-01 2.000000000000000000e+00
6.040018557396328314e-01 5.162353260414052070e-01 2.000000000000000000e+00
5.212957232411099540e-01 3.545440008096650275e-01 2.000000000000000000e+00
3.208507735195607613e-01 6.472719361200172106e-01 2.000000000000000000e+00
5.151183771859429994e-01 8.116294846189031631e-01 2.000000000000000000e+00
5.270641958231475632e-01 6.501092623513688995e-01 2.000000000000000000e+00
4.682786172510818301e-01 7.082628220630536875e-01 2.000000000000000000e+00
5.860276623093787496e-01 8.226867997905310537e-01 2.000000000000000000e+00
5.893288948972329466e-01 5.202192443658091303e-01 2.000000000000000000e+00
5.151119649911112264e-01 5.814461331406490796e-01 2.000000000000000000e+00
3.013764622942889382e-01 3.510516735681564748e-01 2.000000000000000000e+00
4.679919010996880790e-01 6.306557737961585586e-01 2.000000000000000000e+00
5.680717301157280907e-01 5.463034955862495767e-01 2.000000000000000000e+00
4.087721339014085409e-01 5.027873734272035877e-01 2.000000000000000000e+00
6.204350442385015985e-01 6.581029447152627609e-01 2.000000000000000000e+00
4.392440511769125644e-01 6.995925877082063149e-01 2.000000000000000000e+00
3.059048713523225826e-01 4.162292032191359237e-01 2.000000000000000000e+00
4.416857954233976979e-01 7.678032516995004775e-01 2.000000000000000000e+00
4.305762439064108049e-01 5.799491104405347652e-01 2.000000000000000000e+00
4.805599432131487658e-01 6.188086634763898530e-01 2.000000000000000000e+00
6.045551661595262027e-01 6.257350949996562939e-01 2.000000000000000000e+00
5.927345564498898156e-01 5.587269273373348666e-01 2.000000000000000000e+00
6.369411927907769888e-01 6.410461250216961115e-01 2.000000000000000000e+00
5.837997450622670614e-01 6.246518518614756488e-01 2.000000000000000000e+00
5.633000770247686972e-01 6.350862413493374437e-01 2.000000000000000000e+00
5.689131981910572344e-01 9.865838775270082683e-01 2.000000000000000000e+00
4.015277407651816621e-01 4.396277707735981588e-01 2.000000000000000000e+00
4.632219548173406864e-01 7.089716844435233201e-01 2.000000000000000000e+00
3.836841316280341085e-01 5.514225379717704323e-01 2.000000000000000000e+00
3.975630217162102742e-01 5.851301113864763037e-01 2.000000000000000000e+00
5.497564171036286584e-01 6.897495140722768037e-01 2.000000000000000000e+00
4.403718828720598610e-01 7.820417557747487702e-01 2.000000000000000000e+00
6.158497349965585954e-01 5.325786805059611329e-01 2.000000000000000000e+00
6.358374209935150345e-01 6.030673754708355538e-01 2.000000000000000000e+00
6.500883037474478598e-01 6.980581927381872553e-01 2.000000000000000000e+00
6.210122366306440878e-01 4.852450720584772226e-01 2.000000000000000000e+00
5.381579777784059049e-01 5.789910248185575758e-01 2.000000000000000000e+00
5.101135877944799057e-01 6.035521864488809785e-01 2.000000000000000000e+00
3.950585588791167280e-01 6.773416102651841353e-01 2.000000000000000000e+00
3.876067020043204026e-01 6.602703214115884789e-01 2.000000000000000000e+00
5.004986111397704551e-01 7.046997412146059903e-01 2.000000000000000000e+00
4.278283361076606894e-01 6.194683805685025080e-01 2.000000000000000000e+00
6.129594662180231079e-01 5.788115203251056329e-01 2.000000000000000000e+00
3.078435028042141863e-01 5.478339703916880188e-01 2.000000000000000000e+00
6.060306695755243167e-01 6.506752594574101156e-01 2.000000000000000000e+00
5.696955952546053359e-01 7.883886523736274299e-01 2.000000000000000000e+00
6.306057775456020975e-01 5.478645381515294677e-01 2.000000000000000000e+00
6.209597181816067790e-01 6.039616614189238231e-01 2.000000000000000000e+00
4.140993641453787899e-01 6.006603655120287266e-01 2.000000000000000000e+00
3.748682506100736167e-01 5.610004151812263418e-01 2.000000000000000000e+00
4.714369217356609298e-01 5.700133337812757217e-01 2.000000000000000000e+00
5.376568672077758348e-01 6.926321086170530439e-01 2.000000000000000000e+00
3.110309736711565631e-01 3.975849101595410051e-01 2.000000000000000000e+00
4.460686192501547853e-01 5.752355595686108325e-01 2.000000000000000000e+00
4.361326579255020430e-01 7.194696033799095058e-01 2.000000000000000000e+00
4.949658065336771662e-01 7.424589691322088791e-01 2.000000000000000000e+00
5.037296252758154402e-01 7.895007964327986905e-01 2.000000000000000000e+00
7.723853215507295866e-01 7.601103520350572795e-01 2.000000000000000000e+00
5.058898786283002602e-01 4.867434107640618568e-01 2.000000000000000000e+00
4.755025542907559410e-01 7.824084640914537037e-01 2.000000000000000000e+00
3.990230675871573873e-01 6.918803511331836908e-01 2.000000000000000000e+00
5.382592370144196892e-01 8.364862854747266985e-01 2.000000000000000000e+00
5.032943209634617165e-01 7.867515808440813663e-01 2.000000000000000000e+00
3.452030929181594265e-01 5.254254844006220893e-01 2.000000000000000000e+00
4.824968254446555527e-01 5.628649644067709179e-01 2.000000000000000000e+00
6.127915195678085292e-01 5.590612452588614723e-01 2.000000000000000000e+00
4.539065306053297610e-01 5.290489021259692226e-01 2.000000000000000000e+00
4.750911131030722823e-01 6.128169031737966677e-01 2.000000000000000000e+00
5.211163162061297482e-01 6.649348257499342330e-01 2.000000000000000000e+00
4.243867763893943712e-01 4.707523977275072657e-01 2.000000000000000000e+00
3.734166783075900109e-01 6.166194337926702573e-01 2.000000000000000000e+00
5.242097113892025817e-01 5.775720418975017756e-01 2.000000000000000000e+00
4.089026780369421910e-01 4.823489582641601880e-01 2.000000000000000000e+00
5.488269067534765622e-01 6.410600397771337722e-01 2.000000000000000000e+00
3.961472183857538965e-01 8.228231324886932097e-01 2.000000000000000000e+00
6.013731542047702217e-01 5.033517531095563768e-01 2.000000000000000000e+00
5.295662000790067880e-01 5.911393449218932394e-01 2.000000000000000000e+00
5.368336717816202253e-01 6.423154528737238245e-01 2.000000000000000000e+00
7.238874095881167037e-01 8.630914849401964961e-01 2.000000000000000000e+00
4.970821636302125146e-01 7.807181005106776928e-01 2.000000000000000000e+00
3.995745267423235769e-01 5.534720261746085557e-01 2.000000000000000000e+00
3.959585168909497410e-01 6.226443129678370658e-01 2.000000000000000000e+00
5.849616623052288356e-01 7.406099129968356509e-01 2.000000000000000000e+00
3.425098487503618339e-01 5.978064185467590885e-01 2.000000000000000000e+00
5.954378428418574121e-01 6.393524712670178856e-01 2.000000000000000000e+00
4.834401919731571851e-01 6.779690773619502231e-01 2.000000000000000000e+00
4.973705313515170423e-01 5.072221899961152358e-01 2.000000000000000000e+00
4.292486538705437837e-01 4.130883606381477446e-01 2.000000000000000000e+00
4.365308647821361521e-01 5.795663754298582271e-01 2.000000000000000000e+00
3.761679937152566655e-01 5.151978671443346869e-01 2.000000000000000000e+00
4.421887277102388714e-01 6.289800531733712452e-01 2.000000000000000000e+00
4.475876915791278110e-01 6.570400352372616215e-01 2.000000000000000000e+00
3.404214714964739485e-01 8.548239957475651796e-01 2.000000000000000000e+00
4.141194653987675389e-01 5.925127920943251691e-01 2.000000000000000000e+00
3.947656144706878645e-01 6.556758477526067885e-01 2.000000000000000000e+00
5.476474547551513083e-01 6.495399999239348521e-01 2.000000000000000000e+00
5.375781836294116767e-01 8.115548700408995453e-01 2.000000000000000000e+00
6.029601175578692684e-01 6.079346933606073478e-01 2.000000000000000000e+00
3.720511816339125422e-01 6.847661583872671764e-01 2.000000000000000000e+00
3.847783201486708049e-01 2.395536970910603358e-01 2.000000000000000000e+00
6.136484723498558669e-01 7.880503860357331858e-01 2.000000000000000000e+00
4.419797049882084883e-01 7.907919151475892861e-01 2.000000000000000000e+00
5.756975388238293467e-01 6.227592310020129140e-01 2.000000000000000000e+00
4.809963020134017109e-01 7.952498571406091399e-01 2.000000000000000000e+00
4.145163369333039194e-01 7.068139643278080753e-01 2.000000000000000000e+00
4.905090333114539014e-01 6.657977367061449492e-01 2.000000000000000000e+00
3.825184068300445106e-01 5.697222636693920483e-01 2.000000000000000000e+00
5.429528003481175480e-01 6.730492708611257591e-01 2.000000000000000000e+00
4.574554055316076284e-01 5.864917822261662694e-01 2.000000000000000000e+00
6.522640542418423060e-01 6.980732143110186527e-01 2.000000000000000000e+00
4.793545108199968596e-01 5.909592399751717462e-01 2.000000000000000000e+00
4.878787678796097094e-01 5.626213370375094946e-01 2.000000000000000000e+00
3.940064362181358026e-01 6.111618249367744005e-01 2.000000000000000000e+00
3.298780736308639105e-01 6.055477855819375588e-01 2.000000000000000000e+00
6.463366581486955642e-01 8.149902651490378291e-01 2.000000000000000000e+00
6.584333547181095980e-01 6.972087019407218200e-01 2.000000000000000000e+00
4.742653861503695056e-01 5.464539267642835041e-01 2.000000000000000000e+00
5.489374019232631241e-01 6.444147187157479584e-01 2.000000000000000000e+00
4.716425149547853746e-01 6.541407488726450614e-01 2.000000000000000000e+00
3.599336650372015889e-01 7.280950284545965046e-01 2.000000000000000000e+00
5.219757414415916452e-01 6.771726934216186766e-01 2.000000000000000000e+00
3.612085041089035387e-01 6.180422479063932828e-01 2.000000000000000000e+00
5.699421948684637584e-01 6.609195510119255657e-01 2.000000000000000000e+00
3.977473121389802357e-01 5.846303293196521977e-01 2.000000000000000000e+00
3.524717435297144985e-01 7.070948513981851757e-01 2.000000000000000000e+00
4.063269394527543876e-01 5.885897715659429430e-01 2.000000000000000000e+00
5.795542671166594717e-01 6.759085299291252014e-01 2.000000000000000000e+00
6.626834841045835534e-01 7.676418406113727499e-01 2.000000000000000000e+00
5.537641968106749024e-01 8.336564125307845963e-01 2.000000000000000000e+00
7.176780395315747185e-01 5.841140676323268721e-01 2.000000000000000000e+00
5.402821908788589811e-01 7.307222293232624732e-01 2.000000000000000000e+00
5.556857828141473776e-01 6.263640607795487592e-01 2.000000000000000000e+00
1.948960944429797282e-01 3.646007134459831600e-01 2.000000000000000000e+00
4.435603453980787036e-01 4.170797567566195685e-01 2.000000000000000000e+00
4.864985646245266748e-01 6.026054838881115261e-01 2.000000000000000000e+00
4.865647931890703104e-01 5.989357110262452100e-01 2.000000000000000000e+00
5.351805269548183253e-01 5.891728890847215405e-01 2.000000000000000000e+00
4.289140568568491907e-01 6.062084768399370605e-01 2.000000000000000000e+00
5.250280988600525278e-01 6.572435627107880984e-01 2.000000000000000000e+00
5.249170897264480162e-01 4.513839896255269490e-01 2.000000000000000000e+00
5.034163257173995820e-01 6.842210342533376899e-01 2.000000000000000000e+00
5.385661532912188187e-01 9.099412350261805171e-01 2.000000000000000000e+00
3.655647824556740311e-01 6.219627136941678902e-01 2.000000000000000000e+00
4.505806249811337150e-01 4.269092720026356202e-01 2.000000000000000000e+00
5.046622290464675142e-01 5.645470338146194589e-01 2.000000000000000000e+00
5.063274851262208331e-01 3.555056336382927951e-01 2.000000000000000000e+00
3.728425013358532825e-01 5.358448922278311599e-01 2.000000000000000000e+00
6.349988058187934215e-01 6.223160301033265895e-01 2.000000000000000000e+00
4.548130877468806732e-01 5.803785955313229827e-01 2.000000000000000000e+00
5.290918624329241648e-01 7.152885751897986033e-01 2.000000000000000000e+00
5.606047047103925873e-01 7.639818305319345804e-01 2.000000000000000000e+00
3.461151744928783747e-01 5.696874599576619014e-01 2.000000000000000000e+00
3.463217631558638820e-01 5.372134949161662121e-01 2.000000000000000000e+00
5.152407144179664833e-01 5.612801819168979911e-01 2.000000000000000000e+00
3.052775105961757496e-01 7.234279296591142883e-01 2.000000000000000000e+00
4.444195662521097656e-01 6.064009226199078562e-01 2.000000000000000000e+00
4.460560169595199631e-01 5.588125642185041153e-01 2.000000000000000000e+00
3.805677841710756182e-01 6.221608809646587135e-01 2.000000000000000000e+00
6.281535589638165273e-01 7.135329940689230099e-01 2.000000000000000000e+00
4.653046819346129959e-01 6.715207006276164847e-01 2.000000000000000000e+00
6.631971291632831056e-01 6.401162426903512781e-01 2.000000000000000000e+00
4.784471328625374831e-01 6.976575751621590937e-01 2.000000000000000000e+00
3.815355963233963976e-01 6.179155897338198811e-01 2.000000000000000000e+00
4.937155982912436181e-01 5.252964569292515318e-01 2.000000000000000000e+00
4.811281343783869180e-01 6.716752426414061006e-01 2.000000000000000000e+00
4.555502354692111955e-01 6.621432032773509890e-01 2.000000000000000000e+00
4.618164942197365841e-01 6.479889564406687841e-01 2.000000000000000000e+00
3.372871189339369802e-01 6.078959979436682204e-01 2.000000000000000000e+00
3.452295451649264324e-01 5.493336507200095031e-01 2.000000000000000000e+00
4.660067996541084057e-01 7.128017297658363338e-01 2.000000000000000000e+00
4.928987291400132031e-01 7.919060578174578202e-01 2.000000000000000000e+00
3.614927079413467470e-01 6.211732362482708103e-01 2.000000000000000000e+00
4.926971755226642879e-01 9.000335542800408373e-01 2.000000000000000000e+00
5.612678426834639689e-01 6.016145099459864198e-01 2.000000000000000000e+00
5.982334602518212252e-01 5.733286170139586524e-01 2.000000000000000000e+00
4.564130677008739756e-01 6.097014808659318996e-01 2.000000000000000000e+00
6.383747243131933091e-01 5.854642181839971871e-01 2.000000000000000000e+00
5.914885157998642784e-01 8.931831805667713731e-01 2.000000000000000000e+00
4.588701552392447369e-01 6.197809061846032419e-01 2.000000000000000000e+00
4.213747049785256382e-01 6.827049340705285685e-01 2.000000000000000000e+00
4.888196229424128236e-01 4.488775045598646374e-01 2.000000000000000000e+00
5.395094160608164824e-01 6.152355537205257408e-01 2.000000000000000000e+00
3.950101393242526071e-01 7.743213697092968806e-01 2.000000000000000000e+00
3.367724048834967454e-01 6.154836428508676516e-01 2.000000000000000000e+00
4.328798097202253836e-01 5.365290683260036664e-01 2.000000000000000000e+00
4.503417065736753933e-01 6.225834600871890112e-01 2.000000000000000000e+00
7.867555553475840124e-01 6.530092121181276799e-01 2.000000000000000000e+00
5.055011221296871193e-01 5.667025896498281146e-01 2.000000000000000000e+00
4.154147450336705405e-01 6.037720378646820318e-01 2.000000000000000000e+00
5.450826338059308052e-01 6.861361578528833993e-01 2.000000000000000000e+00
3.687071886152662459e-01 6.078043122402709830e-01 2.000000000000000000e+00
6.006455542275330739e-01 5.790547270238342037e-01 2.000000000000000000e+00
2.915451199232312884e-01 6.400182921418474669e-01 2.000000000000000000e+00
5.807564336913030312e-01 5.325894742022821982e-01 2.000000000000000000e+00
7.158499766671440057e-01 6.227831076317781323e-01 2.000000000000000000e+00
5.347867989289392110e-01 6.626184911602780447e-01 2.000000000000000000e+00
4.924942049059898297e-01 5.624997922170658082e-01 2.000000000000000000e+00
2.142631044858211986e-01 5.864408841262164218e-01 2.000000000000000000e+00
4.401676995762007216e-01 9.069679450587391223e-01 2.000000000000000000e+00
3.928902633118940835e-01 6.605538408492758196e-01 2.000000000000000000e+00
4.809766925272132010e-01 6.760471635567018023e-01 2.000000000000000000e+00
5.668268972932345440e-01 5.620068216816271889e-01 2.000000000000000000e+00
2.699220239383356423e-01 7.479740465958828466e-01 2.000000000000000000e+00
6.758801138637616779e-01 8.077644891703644747e-01 2.000000000000000000e+00
3.274136057873066052e-01 4.507370944228254461e-01 2.000000000000000000e+00
5.029850861006954776e-01 8.332690018488843053e-01 2.000000000000000000e+00
4.949926190001949222e-01 7.645313655696116539e-01 2.000000000000000000e+00
4.886801403629738583e-01 7.718146807653452068e-01 2.000000000000000000e+00
6.297870277423981422e-01 8.002370381849186476e-01 2.000000000000000000e+00
4.720723722450914095e-01 6.485133912259172240e-01 2.000000000000000000e+00
5.826242045226183164e-01 5.988963125072731541e-01 2.000000000000000000e+00
5.914561499176607118e-01 6.063745944618406103e-01 2.000000000000000000e+00
4.644008041567646572e-01 5.696623362721049411e-01 2.000000000000000000e+00
4.910260855039156880e-01 7.547955047592740385e-01 2.000000000000000000e+00
3.015909571916165488e-01 7.252307238671699130e-01 2.000000000000000000e+00
4.607476549309655334e-01 7.659081990069454005e-01 2.000000000000000000e+00
5.385993375440703002e-01 6.960620817647547032e-01 2.000000000000000000e+00
2.305365326553800998e-01 6.003498049020065119e-01 2.000000000000000000e+00
5.685295089102528898e-01 7.079739407335924328e-01 2.000000000000000000e+00
4.332770980818795858e-01 7.928644626958720742e-01 2.000000000000000000e+00
4.895036833052594516e-01 6.662433357134116552e-01 2.000000000000000000e+00
3.894987548178622805e-01 6.755306460043707384e-01 2.000000000000000000e+00
6.235074964756122107e-01 5.967252279250349067e-01 2.000000000000000000e+00
5.083700114984933682e-01 5.811553881424594836e-01 2.000000000000000000e+00
5.299739084866507133e-01 7.959918799443973514e-01 2.000000000000000000e+00
4.933031825270833282e-01 7.539787736800181994e-01 2.000000000000000000e+00
4.798649072862853915e-01 5.326964549243738967e-01 2.000000000000000000e+00
4.258145120656329219e-01 5.844221457106657525e-01 2.000000000000000000e+00
3.891017503502604002e-01 5.749703428310583009e-01 2.000000000000000000e+00
4.328693209880586923e-01 4.774146115348766872e-01 2.000000000000000000e+00
3.531873181614677004e-01 4.908813284611863725e-01 2.000000000000000000e+00
5.065236114082635188e-01 7.622934347710984548e-01 2.000000000000000000e+00
5.450209136741742677e-01 6.441034107409486786e-01 2.000000000000000000e+00
2.675062807606026771e-01 6.180718445688300200e-01 2.000000000000000000e+00
3.138929209932500575e-01 3.841980320012979844e-01 2.000000000000000000e+00
3.973499998564888336e-01 4.142759484247829360e-01 2.000000000000000000e+00
3.093678919718408360e-01 7.071624721830985782e-01 2.000000000000000000e+00
4.119414011919185215e-01 6.466789921967426302e-01 2.000000000000000000e+00
5.050285464786624656e-01 6.773787552592331895e-01 2.000000000000000000e+00
4.835444514900000268e-01 6.551302534073083494e-01 2.000000000000000000e+00
4.747175021702315090e-01 5.740511687292827459e-01 2.000000000000000000e+00
3.175937945696190590e-01 5.733403348796406451e-01 2.000000000000000000e+00
5.331878975119936914e-01 7.584665602262269379e-01 2.000000000000000000e+00
5.481034559938607886e-01 7.185791411698088105e-01 2.000000000000000000e+00
6.411145885168515468e-01 5.061749147740534083e-01 2.000000000000000000e+00
4.953868487386955954e-01 5.856881225449367401e-01 2.000000000000000000e+00
6.274349169806835436e-01 7.160232046946142237e-01 2.000000000000000000e+00
6.058780153662232104e-01 7.932871331745581234e-01 2.000000000000000000e+00
5.532030112076078421e-01 5.385023237809836161e-01 2.000000000000000000e+00
5.239674378752178230e-01 5.950196520283687063e-01 2.000000000000000000e+00
3.603904363244064823e-01 6.343563304346944154e-01 2.000000000000000000e+00
2.812950306573016035e-01 7.509133935921110670e-01 2.000000000000000000e+00
4.102021475042200160e-01 7.880837541211960229e-01 2.000000000000000000e+00
6.204967230470059825e-01 6.478206435487833259e-01 2.000000000000000000e+00
5.150397839415341572e-01 5.565485985776121858e-01 2.000000000000000000e+00
3.159194242994380342e-01 7.360502660061872815e-01 2.000000000000000000e+00
5.157094914843590727e-01 6.002108594278322551e-01 2.000000000000000000e+00
4.224603620690419170e-01 7.214584334930280729e-01 2.000000000000000000e+00
6.366949270723769594e-01 7.068182877224641336e-01 2.000000000000000000e+00
4.289135169582209417e-01 6.677267072841154283e-01 2.000000000000000000e+00
3.651537039884277247e-01 5.876297000159331763e-01 2.000000000000000000e+00
5.018247536117464991e-01 5.628106967819613837e-01 2.000000000000000000e+00
5.671507789336980299e-01 6.406456820726124102e-01 2.000000000000000000e+00
5.664315037328344626e-01 7.023654662883678235e-01 2.000000000000000000e+00
4.081893832917090625e-01 6.767214052723388162e-01 2.000000000000000000e+00
6.521582315969037813e-01 5.962152153809027189e-01 2.000000000000000000e+00
6.373666726439439767e-01 5.264014758446506903e-01 2.000000000000000000e+00
4.967668858209164928e-01 3.974932954046651035e-01 2.000000000000000000e+00
4.298090590636555741e-01 7.797016586624675449e-01 2.000000000000000000e+00
3.909318962127731334e-01 6.121540090931253397e-01 2.000000000000000000e+00
4.052355204303679792e-01 8.380989845544992711e-01 2.000000000000000000e+00
3.186479067604566229e-01 6.794421156876165879e-01 2.000000000000000000e+00
3.988629418378471514e-01 4.273872331434659388e-01 2.000000000000000000e+00
5.435716571306584699e-01 6.764691559385915820e-01 2.000000000000000000e+00
5.491188688625153747e-01 6.796151238755953061e-01 2.000000000000000000e+00
3.315427037663234433e-01 6.538339341033841956e-01 2.000000000000000000e+00
5.387600172989398528e-01 7.602010685869587947e-01 2.000000000000000000e+00
4.120370478401608749e-01 5.744098467240884576e-01 2.000000000000000000e+00
5.095226080593989737e-01 6.224830210795460061e-01 2.000000000000000000e+00
2.378467999475412653e-01 5.963148003580291956e-01 2.000000000000000000e+00
3.362895118077030565e-01 6.260897945595917946e-01 2.000000000000000000e+00
4.704281910673541178e-01 5.033639427743442640e-01 2.000000000000000000e+00
5.221616921648504217e-01 8.304937420009420590e-01 2.000000000000000000e+00
4.420440392056367296e-01 7.870634977285737577e-01 2.000000000000000000e+00
3.506456821181808681e-01 4.977366316650169153e-01 2.000000000000000000e+00
5.306308180183333389e-01 5.691980466946336970e-01 2.000000000000000000e+00
6.098350497875570930e-01 7.464681195556219784e-01 2.000000000000000000e+00
4.652767292700433766e-01 8.094104598995979227e-01 2.000000000000000000e+00
5.440739210476398524e-01 6.303910065067872548e-01 2.000000000000000000e+00
6.546772490848968840e-01 5.640789943487864999e-01 2.000000000000000000e+00
4.913942223897908024e-01 4.748658603915165699e-01 2.000000000000000000e+00
5.331773351611932554e-01 7.664316107994962879e-01 2.000000000000000000e+00
5.590637075181434934e-01 5.709410460438919532e-01 2.000000000000000000e+00
4.827960313198336184e-01 7.359191268270314223e-01 2.000000000000000000e+00
1.548218727375100801e-01 5.806962924119311031e-01 2.000000000000000000e+00
4.509697817118331065e-01 7.670268506639555950e-01 2.000000000000000000e+00
4.329050175821394508e-01 5.051609137024913876e-01 2.000000000000000000e+00
5.653768607992145645e-01 5.825255057472220610e-01 2.000000000000000000e+00
2.913555962041683434e-01 5.078265802674336582e-01 2.000000000000000000e+00
5.379931964441682091e-01 6.595867668503296866e-01 2.000000000000000000e+00
4.901811794671766531e-01 6.100591637405663459e-01 2.000000000000000000e+00
4.638220432188429054e-01 5.931748227134566731e-01 2.000000000000000000e+00
7.402577420092323335e-01 6.944050920415829609e-01 2.000000000000000000e+00
6.323435841648301636e-01 6.702462677295271121e-01 2.000000000000000000e+00
5.987197567826374467e-01 6.000654263075961836e-01 2.000000000000000000e+00
5.150745338523058381e-01 4.898598435383385019e-01 2.000000000000000000e+00
5.709024802587316927e-01 5.865750683864308090e-01 2.000000000000000000e+00
5.754435344754736947e-01 6.916710804321557493e-01 2.000000000000000000e+00
6.330334196074645092e-01 4.956576023310035328e-01 2.000000000000000000e+00
4.152497266603085713e-01 6.126081411975862201e-01 2.000000000000000000e+00
4.351081795808594554e-01 6.302888692559557304e-01 2.000000000000000000e+00
4.771087114972217269e-01 7.209539095604032832e-01 2.000000000000000000e+00
3.184353709129021381e-01 6.646930635808115939e-01 2.000000000000000000e+00
4.329407915270255258e-01 9.244340519040982196e-01 2.000000000000000000e+00
3.812604678751775888e-01 6.255572090188893375e-01 2.000000000000000000e+00
5.911512784534452836e-01 7.347899777099612395e-01 2.000000000000000000e+00
5.396191341625912186e-01 4.981779705095884525e-01 2.000000000000000000e+00
5.817646007554518883e-01 5.266079315571121633e-01 2.000000000000000000e+00
6.285029302111768690e-01 6.205216769489733109e-01 2.000000000000000000e+00
3.712823260483374410e-01 4.269427783674479282e-01 2.000000000000000000e+00
5.862515937376338027e-01 4.294667901398570020e-01 2.000000000000000000e+00
4.125537729546409627e-01 6.888786081889384239e-01 2.000000000000000000e+00
4.028981470509278018e-01 5.203313686916358760e-01 2.000000000000000000e+00
5.039055736472836111e-01 5.859338142376017133e-01 2.000000000000000000e+00
5.210212987322108136e-01 5.295002354570321756e-01 2.000000000000000000e+00
5.045867866435247429e-01 7.568665705241072184e-01 2.000000000000000000e+00
4.728099958951418325e-01 5.292088026106920307e-01 2.000000000000000000e+00
5.904936591800333812e-01 5.185142327888102587e-01 2.000000000000000000e+00
5.494639238945864257e-01 5.124334818506159905e-01 2.000000000000000000e+00
5.839270979682976703e-01 5.188220232064181259e-01 2.000000000000000000e+00
3.257564810637383901e-01 7.712753183354690290e-01 2.000000000000000000e+00
5.355568546778894934e-01 5.468732638659313805e-01 2.000000000000000000e+00
4.165211093845965218e-01 3.587404936969915137e-01 2.000000000000000000e+00
4.001563656065320607e-01 5.766488876015332110e-01 2.000000000000000000e+00
4.670949738105102389e-01 6.236414859814288780e-01 2.000000000000000000e+00
4.890056620017206868e-01 4.223283545376785852e-01 2.000000000000000000e+00
3.745786354830389353e-01 6.323437720650851857e-01 2.000000000000000000e+00
2.862870856422451982e-01 6.683380102504923315e-01 2.000000000000000000e+00
3.229616969492447032e-01 8.032040138052506384e-01 2.000000000000000000e+00
3.590534421769624451e-01 6.544220494737715832e-01 2.000000000000000000e+00
5.116764158465246792e-01 7.092202613057325689e-01 2.000000000000000000e+00
6.953018030582510667e-01 7.073404319833099807e-01 2.000000000000000000e+00
2.149079405269338217e-01 6.187595062050699202e-01 2.000000000000000000e+00
5.184316760322057460e-01 5.381676533533518159e-01 2.000000000000000000e+00
5.570004507108161640e-01 9.392257821166052345e-01 2.000000000000000000e+00
4.059889504695390339e-01 6.071335791767439316e-01 2.000000000000000000e+00
4.520048606441853245e-01 5.426587728426521817e-01 2.000000000000000000e+00
5.403846059135247737e-01 7.733870998383047812e-01 2.000000000000000000e+00
1.592532113513796532e-01 7.090108991515621240e-01 2.000000000000000000e+00
4.588161047704092388e-01 6.582750319461342370e-01 2.000000000000000000e+00
4.246109441037211329e-01 6.127135346645731229e-01 2.000000000000000000e+00
4.991592304567524230e-01 4.590849432366021499e-01 2.000000000000000000e+00
4.259882093216509347e-01 5.212259702901883562e-01 2.000000000000000000e+00
4.171029230788556585e-01 7.769981310774805028e-01 2.000000000000000000e+00
5.314742436180458496e-01 6.527840232778970853e-01 2.000000000000000000e+00
4.293420411331329012e-01 6.541883528741773146e-01 2.000000000000000000e+00
4.329034702597978068e-01 5.276503424881079374e-01 2.000000000000000000e+00
5.046611924201731547e-01 6.276935691972146403e-01 2.000000000000000000e+00
4.538761372048746856e-01 3.686460907478629756e-01 2.000000000000000000e+00
7.022147148007583661e-01 6.203302969329332894e-01 2.000000000000000000e+00
4.279105667503799726e-01 6.350965538254362830e-01 2.000000000000000000e+00
3.490569112937225160e-01 6.108940057264258261e-01 2.000000000000000000e+00
4.430354807535831219e-01 8.140014837165508998e-01 2.000000000000000000e+00
5.144628010803664608e-01 6.964349011560204694e-01 2.000000000000000000e+00
5.941207378144663931e-01 6.627704040906218230e-01 2.000000000000000000e+00
5.342084886988035519e-01 5.307435725280671424e-01 2.000000000000000000e+00
6.933371983946841066e-01 6.494148723617958474e-01 2.000000000000000000e+00
2.234101340906849975e-01 4.345009565209824731e-01 2.000000000000000000e+00
4.038523993876154128e-01 4.328216490709492770e-01 2.000000000000000000e+00
4.434382593874295342e-01 7.575009072118907838e-01 2.000000000000000000e+00
6.681179430993915425e-01 6.122755909609630676e-01 2.000000000000000000e+00
5.415202063177572134e-01 4.556422966932513474e-01 2.000000000000000000e+00
4.581361574618956212e-01 5.993793129646080020e-01 2.000000000000000000e+00
3.519864223939161429e-01 6.140042874970800257e-01 2.000000000000000000e+00
4.779324755175031747e-01 7.025095031756302122e-01 2.000000000000000000e+00
8.116170714876095316e-01 5.941450363492183362e-01 2.000000000000000000e+00
5.319029181075237700e-01 7.472964692508563544e-01 2.000000000000000000e+00
3.784403550383725889e-01 5.259743608146165705e-01 2.000000000000000000e+00
3.491981493675146431e-01 6.256939365630223016e-01 2.000000000000000000e+00
3.414291419325383159e-01 6.139606189772846001e-01 2.000000000000000000e+00
6.464433329801392292e-01 6.104652391261649047e-01 2.000000000000000000e+00
5.316104487515993515e-01 5.227260031997001954e-01 2.000000000000000000e+00
4.421192212921937204e-01 6.728968353938088454e-01 2.000000000000000000e+00
5.216209379404411761e-01 6.735833500646192240e-01 2.000000000000000000e+00
5.106936031774648166e-01 6.999885344133196519e-01 2.000000000000000000e+00
4.933190898229895538e-01 4.489205140742093536e-01 2.000000000000000000e+00
5.100767161559700558e-01 5.897968684881755852e-01 2.000000000000000000e+00
4.288197224997591372e-01 6.436781554917743176e-01 2.000000000000000000e+00
6.439812412246226359e-01 5.548962658313835172e-01 2.000000000000000000e+00
5.986331543099190355e-01 5.713863600281343658e-01 2.000000000000000000e+00
3.985461410246031178e-01 7.035983111784576138e-01 2.000000000000000000e+00
4.618621767962255986e-01 7.771805926564593348e-01 2.000000000000000000e+00
5.611921687121339541e-01 7.879444652310902963e-01 2.000000000000000000e+00
5.594630292205292621e-01 7.369881292604030243e-01 2.000000000000000000e+00
6.683794129400093542e-01 4.638543732810178621e-01 2.000000000000000000e+00
3.911060336697667617e-01 4.482894177204654329e-01 2.000000000000000000e+00
6.159110029380947537e-01 6.751632298312083558e-01 2.000000000000000000e+00
4.804187578686510141e-01 7.814996299404536328e-01 2.000000000000000000e+00
6.553491609195548628e-01 7.271796879027415672e-01 2.000000000000000000e+00
5.490143199567316667e-01 6.620560851525746360e-01 2.000000000000000000e+00
3.595242025788005225e-01 4.382536578264583649e-01 2.000000000000000000e+00
3.766386452258783657e-01 5.594012912395603943e-01 2.000000000000000000e+00
4.756439261692714804e-01 6.243049457772633648e-01 2.000000000000000000e+00
5.242684684424471220e-01 4.445179741867618106e-01 2.000000000000000000e+00
6.467838089376647392e-01 3.842825243874857799e-01 2.000000000000000000e+00
4.771779652041560071e-01 7.565563903626280062e-01 2.000000000000000000e+00
5.302255112488321043e-01 6.776607241157586170e-01 2.000000000000000000e+00
3.889479101975591435e-01 5.433081273889154295e-01 2.000000000000000000e+00
5.196538882397085946e-01 7.935008795356232048e-01 2.000000000000000000e+00
4.850131907240131657e-01 6.219263927971215855e-01 2.000000000000000000e+00
4.791650507689168004e-01 3.486346734237572575e-01 2.000000000000000000e+00
4.560164404839459062e-01 6.242509154888645773e-01 2.000000000000000000e+00
4.525970733951966141e-01 5.424673366268032426e-01 2.000000000000000000e+00
4.997524918781818815e-01 5.870490926642093488e-01 2.000000000000000000e+00
4.940313474065839427e-01 7.583449173305468749e-01 2.000000000000000000e+00
4.244337451022160979e-01 7.565662096836962558e-01 2.000000000000000000e+00
3.074966324749507374e-01 4.326056334622339072e-01 2.000000000000000000e+00
6.705480775997313403e-01 7.697293077155101804e-01 2.000000000000000000e+00
3.177340648443112148e-01 3.879109513598320569e-01 2.000000000000000000e+00
5.619807595433243819e-01 6.180072493153135893e-01 2.000000000000000000e+00
5.813238336435476716e-01 4.969718485605884584e-01 2.000000000000000000e+00
6.544771163376057466e-01 5.815191858194951324e-01 2.000000000000000000e+00
3.249604686683534305e-01 4.978588191961227372e-01 2.000000000000000000e+00
4.718335329480417006e-01 4.464774384887515990e-01 2.000000000000000000e+00
5.460298028880151699e-01 6.927674853239673691e-01 2.000000000000000000e+00
4.332395541636243630e-01 4.916319442182696120e-01 2.000000000000000000e+00
4.167253262944414227e-01 5.332014486361773553e-01 2.000000000000000000e+00
5.212279016661455211e-01 6.194841747662008791e-01 2.000000000000000000e+00
6.005047199001731784e-01 6.857979019675952692e-01 2.000000000000000000e+00
5.648721880795958272e-01 6.263153031406615279e-01 2.000000000000000000e+00
5.468702653204038366e-01 6.681844996193860853e-01 2.000000000000000000e+00
5.010823145026268577e-01 6.266495038346483470e-01 2.000000000000000000e+00
5.352027588528415203e-01 2.949499328115972596e-01 2.000000000000000000e+00
5.244308229333680682e-01 4.284899071161350492e-01 2.000000000000000000e+00
4.159525350743518701e-01 5.669328664395077988e-01 2.000000000000000000e+00
2.404227968243017044e-01 7.489782329690573004e-01 2.000000000000000000e+00
4.247622655309040152e-01 6.674658241362440014e-01 2.000000000000000000e+00
5.138123755153138905e-01 8.331801625532532229e-01 2.000000000000000000e+00
6.967536468985527920e-01 9.284436554614270420e-01 2.000000000000000000e+00
5.396847430824500691e-01 6.907476025449200696e-01 2.000000000000000000e+00
4.230734692461524116e-01 4.456074565915776886e-01 2.000000000000000000e+00
3.322293785652173925e-01 5.269798304291866131e-01 2.000000000000000000e+00
4.577086812978264918e-01 6.708886675439043046e-01 2.000000000000000000e+00
3.934157952567634009e-01 7.870587762112380981e-01 2.000000000000000000e+00
5.539068101802610000e-01 7.220166759353946473e-01 2.000000000000000000e+00
4.702095690933782990e-01 6.641237215903188496e-01 2.000000000000000000e+00
6.292014941649164417e-01 7.184100292995525550e-01 2.000000000000000000e+00
4.635119250206052310e-01 6.309387856279831119e-01 2.000000000000000000e+00
3.381324605901812608e-01 5.773640317970691882e-01 2.000000000000000000e+00
5.079363771976984632e-01 5.119203731764219167e-01 2.000000000000000000e+00
6.052948428492115340e-01 5.608348817871173786e-01 2.000000000000000000e+00
2.276447672078005247e-01 6.609477881865312154e-01 2.000000000000000000e+00
6.005599235541355663e-01 6.788604986916900730e-01 2.000000000000000000e+00
4.698025112932461278e-01 7.073773239802824131e-01 2.000000000000000000e+00
3.676127086928235865e-01 5.066634617065073343e-01 2.000000000000000000e+00
3.837560489144434261e-01 4.302780642577638814e-01 2.000000000000000000e+00
5.312743907988987102e-01 5.844263278300874109e-01 2.000000000000000000e+00
4.788186554124720384e-01 4.725714877772523859e-01 2.000000000000000000e+00
6.702494795342407441e-01 8.461648388089307860e-01 2.000000000000000000e+00
6.435172153779535886e-01 5.885996057962158412e-01 2.000000000000000000e+00
3.536011694263976324e-01 5.723776557574797863e-01 2.000000000000000000e+00
4.121112673975962926e-01 6.497604474778488903e-01 2.000000000000000000e+00
3.954830960609859725e-01 8.219319401540946535e-01 2.000000000000000000e+00
4.221755869661341642e-01 6.426174830796493875e-01 2.000000000000000000e+00
5.320324125016123729e-01 5.889503652895570207e-01 2.000000000000000000e+00
5.167792221904266015e-01 4.968218260829458388e-01 2.000000000000000000e+00
5.409795115628042161e-01 6.366692297846264781e-01 2.000000000000000000e+00
4.511386620547986337e-01 7.155665650790226096e-01 2.000000000000000000e+00
5.578462232096896845e-01 7.671326879024966683e-01 2.000000000000000000e+00
4.049044128543257126e-01 4.757490103436893825e-01 2.000000000000000000e+00
3.851674695351336442e-01 5.296558688448311791e-01 2.000000000000000000e+00
5.245014388481438194e-01 8.189852513459926486e-01 2.000000000000000000e+00
4.661910235270072533e-01 6.001577059863623109e-01 2.000000000000000000e+00
5.035044730829937309e-01 5.135813903604302677e-01 2.000000000000000000e+00
4.440777952960649477e-01 7.892670217232256036e-01 2.000000000000000000e+00
5.301634507005145158e-01 6.397845565772464216e-01 2.000000000000000000e+00
3.429614991653943679e-01 5.504239725592261490e-01 2.000000000000000000e+00
6.191600008093265384e-01 6.713340534618498223e-01 2.000000000000000000e+00
5.327359023313693598e-01 6.038214768318480585e-01 2.000000000000000000e+00
4.221918997947181063e-01 5.675416665133095062e-01 2.000000000000000000e+00
6.505321402497046268e-01 6.896371740083101498e-01 2.000000000000000000e+00
4.393162118571632413e-01 6.286218432471982753e-01 2.000000000000000000e+00
4.736762368093644371e-01 6.341226191936782941e-01 2.000000000000000000e+00
6.135225085598098316e-01 5.751369602919024215e-01 2.000000000000000000e+00
6.014156336337916908e-01 5.850376491972518744e-01 2.000000000000000000e+00
5.801189288246501041e-01 4.409936714735335772e-01 2.000000000000000000e+00
5.894337548397980964e-01 5.993772483574306698e-01 2.000000000000000000e+00
4.331608700612688545e-01 6.425196205823163753e-01 2.000000000000000000e+00
1.572619675949029072e-01 6.284003677472677074e-01 2.000000000000000000e+00
5.354680895829916354e-01 6.571301357168191082e-01 2.000000000000000000e+00
4.795092306387703784e-01 7.597081596300436779e-01 2.000000000000000000e+00
4.081525745557011420e-01 6.722588363298782621e-01 2.000000000000000000e+00
4.743503578357324280e-01 7.987396688366704689e-01 2.000000000000000000e+00
5.764570437581665319e-01 7.660725518320866678e-01 2.000000000000000000e+00
5.409615981199067392e-01 7.251748803223803108e-01 2.000000000000000000e+00
3.688149037964691401e-01 3.150214953653026617e-01 2.000000000000000000e+00
5.095291791286494787e-01 6.185228901345958263e-01 2.000000000000000000e+00
3.203293767645611356e-01 6.036382605719166072e-01 2.000000000000000000e+00
4.163553198870589278e-01 6.923011323660316352e-01 2.000000000000000000e+00
4.677690505000500210e-01 5.803603114268880425e-01 2.000000000000000000e+00
8.431903015233954690e-01 8.182839304095291810e-01 2.000000000000000000e+00
4.749973646074769351e-01 5.041919713652294188e-01 2.000000000000000000e+00
6.004580040893366943e-01 7.262750124898962323e-01 2.000000000000000000e+00
4.441237242206276803e-01 5.465568638992281958e-01 2.000000000000000000e+00
5.888237724259064443e-01 5.718804122080265451e-01 2.000000000000000000e+00
5.979465776841452751e-01 5.846940313409780821e-01 2.000000000000000000e+00
3.616151109048084122e-01 5.923679147523551736e-01 2.000000000000000000e+00
3.821928457394261902e-01 7.744505408169565230e-01 2.000000000000000000e+00
4.321563555020697667e-01 5.668218128208503126e-01 2.000000000000000000e+00
3.078254083787757001e-01 7.108078151337603456e-01 2.000000000000000000e+00
5.472714600901715798e-01 6.759149802431340115e-01 2.000000000000000000e+00
5.621172167611953041e-01 6.579137431319662666e-01 2.000000000000000000e+00
6.848198261471325488e-01 6.854850469600689555e-01 2.000000000000000000e+00
3.029063377338500618e-01 6.307378586667952147e-01 2.000000000000000000e+00
3.552541308065575443e-01 6.972460444439161353e-01 2.000000000000000000e+00
6.659408219247084926e-01 5.720159043272478039e-01 2.000000000000000000e+00
5.418018605955178257e-01 8.051253923088447229e-01 2.000000000000000000e+00
6.069018781648518601e-01 7.738752784660619666e-01 2.000000000000000000e+00
4.693464635917212191e-01 5.252641443713654823e-01 2.000000000000000000e+00
3.895463094078903121e-01 5.998100372433303740e-01 2.000000000000000000e+00
5.485773293136192441e-01 6.017596449299611461e-01 2.000000000000000000e+00
4.821889620309192104e-01 5.044064866347883758e-01 2.000000000000000000e+00
3.853832829649463942e-01 6.622641489514712321e-01 2.000000000000000000e+00
5.200165207817613044e-01 4.965327523619609829e-01 2.000000000000000000e+00
4.974632833812406285e-01 9.435593627903061664e-01 2.000000000000000000e+00
2.632913792814170484e-01 3.415534303387396942e-01 2.000000000000000000e+00
2.960486545872897390e-01 5.400531142874990254e-01 2.000000000000000000e+00
5.008805231723432172e-01 6.516184105293282292e-01 2.000000000000000000e+00
3.455690127349820839e-01 3.244410667379761248e-01 2.000000000000000000e+00
3.931173290041673485e-01 6.507188094489544383e-01 2.000000000000000000e+00
4.398483051034952629e-01 7.999775538139001219e-01 2.000000000000000000e+00
5.668444065641439211e-01 6.039158099844799121e-01 2.000000000000000000e+00
4.565459307466890881e-01 5.906616461368321414e-01 2.000000000000000000e+00
5.412028103312110927e-01 5.846474495354971879e-01 2.000000000000000000e+00
4.167305502755221935e-01 7.658252188751266676e-01 2.000000000000000000e+00
4.322132067891817364e-01 8.956603573697694554e-01 2.000000000000000000e+00
5.806418312738619303e-01 7.261672186109517924e-01 2.000000000000000000e+00
4.625570667792002766e-01 5.426431915771245951e-01 2.000000000000000000e+00
5.014132059510426620e-01 5.872186478649369379e-01 2.000000000000000000e+00
5.288841408469158178e-01 7.418978220049643468e-01 2.000000000000000000e+00
3.517854514474637040e-01 5.110995090919653316e-01 2.000000000000000000e+00
4.889747493291446423e-01 4.611093930383757256e-01 2.000000000000000000e+00
3.436440401403722533e-01 5.805742302359221396e-01 2.000000000000000000e+00
6.064242382333733250e-01 6.964836358596883104e-01 2.000000000000000000e+00
4.768895013904416169e-01 4.699555888233021839e-01 2.000000000000000000e+00
6.104279875995541893e-01 6.784490546363056707e-01 2.000000000000000000e+00
6.032498251298491487e-01 7.684100622950628123e-01 2.000000000000000000e+00
4.678421889581795834e-01 5.477829350225431604e-01 2.000000000000000000e+00
4.975196625876600054e-01 6.520514335901026470e-01 2.000000000000000000e+00
3.322336776144317882e-01 8.071483228042114488e-01 2.000000000000000000e+00
5.096271783549446432e-01 7.392332278079543073e-01 2.000000000000000000e+00
6.834581513336380754e-01 7.166168813042660402e-01 2.000000000000000000e+00
4.196552334656988847e-01 4.724871011342419158e-01 2.000000000000000000e+00
4.990998967803064179e-01 5.577750617046882686e-01 2.000000000000000000e+00
6.699068596122951247e-01 7.166687547417044390e-01 2.000000000000000000e+00
4.591739440690571494e-01 5.507884073962472371e-01 2.000000000000000000e+00
3.418310679067243507e-01 7.107331642110052972e-01 2.000000000000000000e+00
3.956611386461828528e-01 7.734477472785700192e-01 2.000000000000000000e+00
2.946258426749672199e-01 7.578106377626930845e-01 2.000000000000000000e+00
4.556453021735502040e-01 7.876213420784542452e-01 2.000000000000000000e+00
3.293536936559177675e-01 6.122485543537270480e-01 2.000000000000000000e+00
4.071176467568606294e-01 6.119561909619135598e-01 2.000000000000000000e+00
4.044337471471332046e-01 6.934208363391872743e-01 2.000000000000000000e+00
5.045476772385500963e-01 8.714831818368515837e-01 2.000000000000000000e+00
4.577327325953710613e-01 6.549090117523790333e-01 2.000000000000000000e+00
3.973310074135937286e-01 7.512523204763942308e-01 2.000000000000000000e+00
4.635853952083321960e-01 7.654477309771218208e-01 2.000000000000000000e+00
3.449810389031765512e-01 5.844683814505559072e-01 2.000000000000000000e+00
3.812072918078092676e-01 9.010777931002864616e-01 2.000000000000000000e+00
4.857261411660062644e-01 6.105974261689464111e-01 2.000000000000000000e+00
6.132330093359379397e-01 7.502065235042899571e-01 2.000000000000000000e+00
4.373514690537025906e-01 5.930611435835085876e-01 2.000000000000000000e+00
3.433082741941004823e-01 6.126534243361079213e-01 2.000000000000000000e+00
4.486512436882582611e-01 4.872457592496279299e-01 2.000000000000000000e+00
4.389480229928303667e-01 6.659610697071211005e-01 2.000000000000000000e+00
4.519696247979128612e-01 5.253571017564266921e-01 2.000000000000000000e+00
3.456628405598238252e-01 5.790508877200027937e-01 2.000000000000000000e+00
5.178440123429163267e-01 7.266095340581376627e-01 2.000000000000000000e+00
4.601386219641375730e-01 7.181598201446600660e-01 2.000000000000000000e+00
3.350088261234896447e-01 7.816785879737054854e-01 2.000000000000000000e+00
2.741844779459369219e-01 3.304109849960886192e-01 2.000000000000000000e+00
6.202256746705312462e-01 6.666512338972392371e-01 2.000000000000000000e+00
4.255061808638287424e-01 7.320268821169301221e-01 2.000000000000000000e+00
3.974200118995981357e-01 6.156080417961989903e-01 2.000000000000000000e+00
8.768693209733291472e-01 8.010077700566108350e-01 2.000000000000000000e+00
5.116797689706579222e-01 6.203937000850056060e-01 2.000000000000000000e+00
5.815788204655326643e-01 6.969323130479359030e-01 2.000000000000000000e+00
6.117380142550137290e-01 7.449794522474062486e-01 2.000000000000000000e+00
4.855505880186914425e-01 5.655407505063180240e-01 2.000000000000000000e+00
4.282099633670433114e-01 4.903517110215522834e-01 2.000000000000000000e+00
4.466162414426810834e-01 5.798652168267524054e-01 2.000000000000000000e+00
5.438259313076180268e-01 6.248633859396248713e-01 2.000000000000000000e+00
5.040321662357958310e-01 7.605731150182407641e-01 2.000000000000000000e+00
4.679132529260475182e-01 8.155681078576809684e-01 2.000000000000000000e+00
6.751842406502062133e-01 4.561829334103452704e-01 2.000000000000000000e+00
3.819861557729560264e-01 4.360768312978162142e-01 2.000000000000000000e+00
5.006535427804323923e-01 6.540707576661617395e-01 2.000000000000000000e+00
5.635235774526903274e-01 7.063627517975833436e-01 2.000000000000000000e+00
7.116630101259294738e-01 5.288122916810359397e-01 2.000000000000000000e+00
4.083762290902654968e-01 5.242856510062240405e-01 2.000000000000000000e+00
4.085282460614756972e-01 6.093838639308377658e-01 2.000000000000000000e+00
5.832927333900397304e-01 6.803338031797337981e-01 2.000000000000000000e+00
6.654960620076014743e-01 6.130567437239928807e-01 2.000000000000000000e+00
5.542656647803936298e-01 8.063241269197284344e-01 2.000000000000000000e+00
2.768990924878280691e-01 4.397486932573024254e-01 2.000000000000000000e+00
6.481872772596486421e-01 7.099554878527377655e-01 2.000000000000000000e+00
4.348397805310399433e-01 5.976019935525951343e-01 2.000000000000000000e+00
4.784220318803636407e-01 5.305164504749637633e-01 2.000000000000000000e+00
5.298645404996625841e-01 7.181980813784694107e-01 2.000000000000000000e+00
6.579938484961725953e-01 6.295376066294621209e-01 2.000000000000000000e+00
4.542670471502158747e-01 7.007319580058790631e-01 2.000000000000000000e+00
4.651550419569873140e-01 8.387414226463705269e-01 2.000000000000000000e+00
4.646240550709201944e-01 6.151599722064651221e-01 2.000000000000000000e+00
4.736339549952470196e-01 9.488117878886371814e-01 2.000000000000000000e+00
6.173208683748163672e-01 7.065432774801843063e-01 2.000000000000000000e+00
5.933530265844142448e-01 6.454648991405373959e-01 2.000000000000000000e+00
5.561732336541550525e-01 5.781446017224184386e-01 2.000000000000000000e+00
3.750884603789246818e-01 7.368167450558221754e-01 2.000000000000000000e+00
6.300170708547094822e-01 6.336378892820483388e-01 2.000000000000000000e+00
4.582164945143977763e-01 9.352153574999676477e-01 2.000000000000000000e+00
3.547899223835313531e-01 6.909324488225396799e-01 2.000000000000000000e+00
3.988858952712011074e-01 6.469805148978575726e-01 2.000000000000000000e+00
3.132314600200628574e-01 5.612868725381430224e-01 2.000000000000000000e+00
5.928338254896132753e-01 8.350222708697412344e-01 2.000000000000000000e+00
3.353986473454219630e-01 5.137460475432877871e-01 2.000000000000000000e+00
5.551399406638923839e-01 7.243840156488065007e-01 2.000000000000000000e+00
3.170350846932773470e-01 6.879017837280086978e-01 2.000000000000000000e+00
5.216617116924381348e-01 6.707229188817098731e-01 2.000000000000000000e+00
5.871002626825365667e-01 4.908137525219074537e-01 2.000000000000000000e+00
3.903384602825425431e-01 7.191872392587695950e-01 2.000000000000000000e+00
2.877468663432957152e-01 5.573306097064036901e-01 2.000000000000000000e+00
4.124758935934649262e-01 7.135564787229288219e-01 2.000000000000000000e+00
5.048471260711568931e-01 7.168625978713002445e-01 2.000000000000000000e+00
3.771634480859378247e-01 5.425273564971176965e-01 2.000000000000000000e+00
4.617636149350503594e-01 5.762075671691475609e-01 2.000000000000000000e+00
5.630043423646996503e-01 5.473916482014686835e-01 2.000000000000000000e+00
4.502704965887415200e-01 6.053489208252674780e-01 2.000000000000000000e+00
4.444749028437570137e-01 6.094217319962111912e-01 2.000000000000000000e+00
4.913180682048768899e-01 3.585923539702415286e-01 2.000000000000000000e+00
5.975746796806266081e-01 6.692684491977498595e-01 2.000000000000000000e+00
6.116742944995535725e-01 7.288669690778167842e-01 2.000000000000000000e+00
4.161414623443444039e-01 5.779594156127561000e-01 2.000000000000000000e+00
5.134450487476928116e-01 6.394390337353371701e-01 2.000000000000000000e+00
5.733633164379234870e-01 7.121045632493765432e-01 2.000000000000000000e+00
6.378414611080640562e-01 7.869810804324453013e-01 2.000000000000000000e+00
4.282392613360502809e-01 6.115852789843672088e-01 2.000000000000000000e+00
5.221621267240765807e-01 5.665891686615075473e-01 2.000000000000000000e+00
5.605150006728623069e-01 6.129566802253473279e-01 2.000000000000000000e+00
5.348805278660101470e-01 6.249554249127088346e-01 2.000000000000000000e+00
5.272066974841901343e-01 5.721603201677519790e-01 2.000000000000000000e+00
6.982739460711813173e-01 5.781707490731250454e-01 2.000000000000000000e+00
3.415915204056398924e-01 6.334449502509807983e-01 2.000000000000000000e+00
7.034665478824920770e-01 7.413479727513266893e-01 2.000000000000000000e+00
5.912364210617429006e-01 7.270549015890638289e-01 2.000000000000000000e+00
3.635826726834804901e-01 8.404505085429345712e-01 2.000000000000000000e+00
3.642215419231756290e-01 6.421544758016186627e-01 2.000000000000000000e+00
2.603841860833599475e-01 5.116731524512619922e-01 2.000000000000000000e+00
3.503647811207561968e-01 7.508348253916320436e-01 2.000000000000000000e+00
4.245813040566151497e-01 5.166388056446615806e-01 2.000000000000000000e+00
3.941536678341373001e-01 6.603678266464324542e-01 2.000000000000000000e+00
4.030072693213397894e-01 6.812378145112423233e-01 2.000000000000000000e+00
5.077975170220668799e-01 4.548720942335338635e-01 2.000000000000000000e+00
4.925370236993223960e-01 9.463466511493461297e-01 2.000000000000000000e+00
5.638734969670006203e-01 5.569315180539511356e-01 2.000000000000000000e+00
3.978100097125003565e-01 4.435338526695857819e-01 1.000000000000000000e+00
4.797133345467585741e-01 4.947160694114677293e-01 1.000000000000000000e+00
6.014871137649354660e-01 3.642630265018926283e-01 1.000000000000000000e+00
3.833516133621142630e-01 2.913359713650771621e-01 1.000000000000000000e+00
4.003801411291812440e-01 3.866981915303318584e-01 1.000000000000000000e+00
3.443429475758766345e-01 3.397556212372226936e-01 1.000000000000000000e+00
4.902684212495781457e-01 3.477519281214143665e-01 1.000000000000000000e+00
4.788562584993466542e-01 2.951024808633783136e-01 1.000000000000000000e+00
5.618313706057764811e-01 3.937442612469227443e-01 1.000000000000000000e+00
2.512782368248252518e-01 3.198036689496096541e-01 1.000000000000000000e+00
5.532513512125846189e-01 4.252784767273371513e-01 1.000000000000000000e+00
5.038574011681680176e-01 5.505485813946564555e-01 1.000000000000000000e+00
3.747487055747255047e-01 4.427828975573660508e-01 1.000000000000000000e+00
5.433879434737778347e-01 2.334884911975881883e-01 1.000000000000000000e+00
4.871762219861450749e-01 5.509695988004609246e-01 1.000000000000000000e+00
4.528934691602443108e-01 6.843262700990045966e-01 1.000000000000000000e+00
4.615973838325866940e-01 3.909520658990363051e-01 1.000000000000000000e+00
3.475968143319793091e-01 2.457876198876496332e-01 1.000000000000000000e+00
7.047612346142957396e-01 2.812990920466676426e-01 1.000000000000000000e+00
3.326856226295882291e-01 4.665515270095299538e-01 1.000000000000000000e+00
4.290280759229072594e-01 3.234631193574992181e-01 1.000000000000000000e+00
3.654989063461550614e-01 4.034662963373473188e-01 1.000000000000000000e+00
3.649498572878344671e-01 3.713237616768907401e-01 1.000000000000000000e+00
4.773404056425659681e-01 2.019744017499326416e-01 1.000000000000000000e+00
4.999201283226911152e-01 4.655157654104593035e-01 1.000000000000000000e+00
4.394041618178487485e-01 2.428922587123405197e-01 1.000000000000000000e+00
5.552863088083200838e-01 4.703519756964117393e-01 1.000000000000000000e+00
3.166876401267476604e-01 4.716880127940881184e-01 1.000000000000000000e+00
4.354928880928503054e-01 3.271324815543839026e-01 1.000000000000000000e+00
3.701603581008546806e-01 3.115437139013664258e-01 1.000000000000000000e+00
1.197254240773689554e-01 2.987036259159714380e-01 1.000000000000000000e+00
4.444433818472728337e-01 4.036835699240213238e-01 1.000000000000000000e+00
3.691481331094074725e-01 3.877563680993070250e-01 1.000000000000000000e+00
2.423522127439799168e-01 2.960682219138423554e-01 1.000000000000000000e+00
1.652939215287651739e-02 1.529426844202238511e-01 0.000000000000000000e+00
3.298609832822568810e-01 4.451233292139550324e-01 0.000000000000000000e+00
2.769978123745782672e-01 3.132784877709308136e-01 0.000000000000000000e+00
1.012433212519274484e-01 2.089485617095257208e-01 0.000000000000000000e+00
4.165004313392455249e-01 1.829392300393672954e-01 0.000000000000000000e+00
3.355007828235524459e-01 3.240307415945236080e-01 0.000000000000000000e+00
1.609533682766655094e-01 3.149604732295196441e-01 0.000000000000000000e+00
2.851981991453892418e-01 2.234568487401326353e-01 0.000000000000000000e+00
2.379443038970467383e-01 1.861005251751068346e-01 0.000000000000000000e+00
1.331530703154265860e-01 1.977411279368617991e-01 0.000000000000000000e+00
3.666369387323109574e-01 2.837020228271009414e-01 0.000000000000000000e+00
3.603736184117090624e-01 2.700578332976303897e-01 0.000000000000000000e+00
2.778472218584663311e-01 1.520291396017151853e-01 0.000000000000000000e+00
4.628676174367197804e-01 2.723517045271485193e-01 0.000000000000000000e+00
0.000000000000000000e+00 3.394189216358773353e-01 0.000000000000000000e+00
1.818957092389617558e-01 1.689715960817124440e-01 0.000000000000000000e+00
2.977822482294716355e-01 2.795166271276324221e-01 0.000000000000000000e+00
2.792953243580685307e-01 3.424641903008981969e-01 0.000000000000000000e+00
2.808896544232165199e-02 3.736327768919024406e-01 0.000000000000000000e+00
3.592594988354952390e-01 2.366432581269365121e-01 0.000000000000000000e+00
2.127649860972237184e-01 1.670254687861118803e-01 0.000000000000000000e+00
3.230669194447070569e-01 9.351002101351496565e-02 0.000000000000000000e+00
4.542031957510418438e-01 5.516124881923972767e-01 0.000000000000000000e+00
3.137472905653796440e-01 2.981720552143599656e-01 0.000000000000000000e+00
2.567511689916602280e-01 2.750889244153055802e-01 0.000000000000000000e+00
4.384957524581673538e-01 2.483119259059873019e-01 0.000000000000000000e+00
2.083121160014957118e-01 2.481133454493920920e-01 0.000000000000000000e+00
4.093352656734867145e-01 3.311491572490512375e-02 0.000000000000000000e+00
1.930316732183157968e-01 1.583453210638634534e-01 0.000000000000000000e+00
1.934493272561623733e-01 2.675299246045190205e-01 0.000000000000000000e+00
1.817520281852725572e-01 2.627908128206830618e-01 0.000000000000000000e+00
1.839973845361880800e-01 7.434972025997586831e-02 0.000000000000000000e+00
2.495435362884750319e-01 2.916877433289609134e-01 0.000000000000000000e+00
1.022346746434353582e-01 1.657655255498463875e-01 0.000000000000000000e+00
