5.543907020746309255e-01 6.388980572256356405e-01 2.000000000000000000e+00
6.071717074956811677e-01 6.536955555551029473e-01 2.000000000000000000e+00
4.042937584666065343e-01 7.434684121503654097e-01 2.000000000000000000e+00
5.169674173858187505e-01 5.863561556887706416e-01 2.000000000000000000e+00
4.293104508942638953e-01 7.583890007331681726e-01 2.000000000000000000e+00
6.685802189062666212e-01 7.373486576015506611e-01 2.000000000000000000e+00
4.474622789740652640e-01 4.841027467381402993e-01 2.000000000000000000e+00
7.628929799920048938e-01 7.332719703771113373e-01 2.000000000000000000e+00
5.672629482894709918e-01 6.699021420399834392e-01 2.000000000000000000e+00
7.736003517770544402e-01 7.021392391071911154e-01 2.000000000000000000e+00
5.703882053858567724e-01 7.945403302747181540e-01 2.000000000000000000e+00
4.909333520892191771e-01 8.185962289129619096e-01 2.000000000000000000e+00
4.851499078417712552e-01 7.184688794800487832e-01 2.000000000000000000e+00
5.124773324931175544e-01 7.949844692672433100e-01 2.000000000000000000e+00
4.918341239356239791e-01 6.633296239429720131e-01 2.000000000000000000e+00
5.490105879337791039e-01 6.531618471927482794e-01 2.000000000000000000e+00
3.631216382487742478e-01 7.028285755980654415e-01 2.000000000000000000e+00
5.989655198520166257e-01 7.263002468919570465e-01 2.000000000000000000e+00
5.859057453336532495e-01 7.484067220341348303e-01 2.000000000000000000e+00
4.861604366291015777e-01 6.954349601553273530e-01 2.000000000000000000e+00
5.648204366115592290e-01 7.479458591820140612e-01 2.000000000000000000e+00
5.981676590240975200e-01 6.628690772445940960e-01 2.000000000000000000e+00
6.055684049266493174e-01 6.415119722645613587e-01 2.000000000000000000e+00
7.315663884389559390e-01 7.188301682766090606e-01 2.000000000000000000e+00
6.638859444207581006e-01 8.101678592826628833e-01 2.000000000000000000e+00
5.665280881880695452e-01 6.390925466029000468e-01 2.000000000000000000e+00
5.061270439574303559e-01 7.809491750567910673e-01 2.000000000000000000e+00
5.539333839249271918e-01 5.911733487366639395e-01 2.000000000000000000e+00
7.765515507471797418e-01 8.304527763078358715e-01 2.000000000000000000e+00
5.737634143737430081e-01 7.499820361896858412e-01 2.000000000000000000e+00
5.765640838583381278e-01 6.939250425532350608e-01 2.000000000000000000e+00
5.742726334884010742e-01 7.787747613131970059e-01 2.000000000000000000e+00
4.261087834965241461e-01 6.448206554575358629e-01 2.000000000000000000e+00
6.143747968184357644e-01 7.153936947236698707e-01 2.000000000000000000e+00
5.913382395521005197e-01 6.098841888899745323e-01 2.000000000000000000e+00
7.696395983831737508e-01 6.831787109695521831e-01 2.000000000000000000e+00
6.634214113562983961e-01 8.197859887771108411e-01 2.000000000000000000e+00
5.635632476992178397e-01 6.397392548006438640e-01 2.000000000000000000e+00
6.206426732769190213e-01 9.339837750561589269e-01 2.000000000000000000e+00
5.323672207475022011e-01 4.261185937308833438e-01 2.000000000000000000e+00
6.865389248623146035e-01 6.912377169914273312e-01 2.000000000000000000e+00
5.444541028707804431e-01 5.792882005369174303e-01 2.000000000000000000e+00
5.987090411785233046e-01 9.248059695631454247e-01 2.000000000000000000e+00
4.149996137861398648e-01 6.076889472025751582e-01 2.000000000000000000e+00
4.493399744688802433e-01 5.881377408389724115e-01 2.000000000000000000e+00
5.857374703739919308e-01 7.596753944702374639e-01 2.000000000000000000e+00
4.819523476466717749e-01 6.998119429804667835e-01 2.000000000000000000e+00
5.727920200567936382e-01 7.524077905219600515e-01 2.000000000000000000e+00
5.842476321778320436e-01 6.871935781135073418e-01 2.000000000000000000e+00
7.438243142837247524e-01 6.763264575031248116e-01 2.000000000000000000e+00
6.484114071256605882e-01 7.572174416266417296e-01 2.000000000000000000e+00
5.815177722534601301e-01 7.958928922523813565e-01 2.000000000000000000e+00
5.764953370339906957e-01 6.903349515903296485e-01 2.000000000000000000e+00
5.790598453619234531e-01 6.332649324971804106e-01 2.000000000000000000e+00
5.073560449808244277e-01 4.597680111602123754e-01 2.000000000000000000e+00
6.325606810327436547e-01 7.133054766842465977e-01 2.000000000000000000e+00
6.643658035858313049e-01 7.156148923390631689e-01 2.000000000000000000e+00
3.627218982588658602e-01 6.756498743329500956e-01 2.000000000000000000e+00
6.582700646759901408e-01 6.638101788885532040e-01 2.000000000000000000e+00
4.617905643928646442e-01 6.250610329037024071e-01 2.000000000000000000e+00
5.373173043464347653e-01 6.766962889440616413e-01 2.000000000000000000e+00
7.059553908620972429e-01 7.593298657354140557e-01 2.000000000000000000e+00
4.550256692383001789e-01 8.181907403011984270e-01 2.000000000000000000e+00
4.848463799527617524e-01 6.890806453929904096e-01 2.000000000000000000e+00
3.508172969844285394e-01 8.007207114140423299e-01 2.000000000000000000e+00
5.417903091040099373e-01 9.566056194892326170e-01 2.000000000000000000e+00
6.036342639916312258e-01 7.725971469476693443e-01 2.000000000000000000e+00
5.874213222356541308e-01 7.734491837957260252e-01 2.000000000000000000e+00
4.097529884888577167e-01 7.548034810544598239e-01 2.000000000000000000e+00
4.995029177633514283e-01 6.596430368308118242e-01 2.000000000000000000e+00
5.365340309222809134e-01 9.317143928315336776e-01 2.000000000000000000e+00
4.523771006562828934e-01 5.858230185092679898e-01 2.000000000000000000e+00
6.435416389024897210e-01 7.712672539334906041e-01 2.000000000000000000e+00
4.475750866006524831e-01 8.083573432773375478e-01 2.000000000000000000e+00
5.991893419938076892e-01 5.714051850863204329e-01 2.000000000000000000e+00
5.318430730752894409e-01 6.364822896784343431e-01 2.000000000000000000e+00
4.638410295949582096e-01 7.119369228727059351e-01 2.000000000000000000e+00
7.133391386169634085e-01 3.767301600628299996e-01 2.000000000000000000e+00
6.571976041485895204e-01 6.795412754412989420e-01 2.000000000000000000e+00
7.036651821593705725e-01 8.004345746423642272e-01 2.000000000000000000e+00
6.446497381727971376e-01 5.643110174984914407e-01 2.000000000000000000e+00
7.170419195987637329e-01 7.066697049314200063e-01 2.000000000000000000e+00
6.014332653709419940e-01 6.987532365772101128e-01 2.000000000000000000e+00
4.081572949424792651e-01 6.694766582203447447e-01 2.000000000000000000e+00
5.893916815638264861e-01 7.802491982580400665e-01 2.000000000000000000e+00
6.107729106003707553e-01 7.063874784493161529e-01 2.000000000000000000e+00
6.006295370467722439e-01 8.317073729874071564e-01 2.000000000000000000e+00
5.683878060886620176e-01 7.290643347213509040e-01 2.000000000000000000e+00
7.008112544462471449e-01 7.993422370356699780e-01 2.000000000000000000e+00
3.950980346248812447e-01 8.217142356392683755e-01 2.000000000000000000e+00
6.251510902272304770e-01 7.177799284860675311e-01 2.000000000000000000e+00
4.554989267236136397e-01 8.232412107193141093e-01 2.000000000000000000e+00
2.645621714648094813e-01 6.792652439892723493e-01 2.000000000000000000e+00
6.076213154565349717e-01 9.258164995150550691e-01 2.000000000000000000e+00
6.726540495560500155e-01 7.698361920816779724e-01 2.000000000000000000e+00
4.922118938761456119e-01 6.818831729156782373e-01 2.000000000000000000e+00
5.834072750088550308e-01 6.261659983121419248e-01 2.000000000000000000e+00
6.931198804659833845e-01 6.886124335203055447e-01 2.000000000000000000e+00
6.864449381959475405e-01 8.392855207282541308e-01 2.000000000000000000e+00
6.292860670531756906e-01 8.534528353334674966e-01 2.000000000000000000e+00
5.428632708525629180e-01 7.949030559631447002e-01 2.000000000000000000e+00
6.065601743092552400e-01 8.400691450003440197e-01 2.000000000000000000e+00
5.326073838403843075e-01 8.377113948770256169e-01 2.000000000000000000e+00
6.729585491856970858e-01 7.216843610646632712e-01 2.000000000000000000e+00
2.952137468928633379e-01 8.093285951731570282e-01 2.000000000000000000e+00
3.930658176180449881e-01 7.889993114958744336e-01 2.000000000000000000e+00
4.529091319633113955e-01 8.861386536188967655e-01 2.000000000000000000e+00
7.372279903001358603e-01 7.479045765481429076e-01 2.000000000000000000e+00
6.516401623426403278e-01 7.506446046994686983e-01 2.000000000000000000e+00
6.188083997601020458e-01 6.664373431568895167e-01 2.000000000000000000e+00
6.298573865151994022e-01 7.709379605887745068e-01 2.000000000000000000e+00
5.832115258163040883e-01 5.032060303868898243e-01 2.000000000000000000e+00
6.676396306130424341e-01 7.015860672144857979e-01 2.000000000000000000e+00
6.516135439372486848e-01 6.609175572222547590e-01 2.000000000000000000e+00
4.733560710217952772e-01 6.509977916223121941e-01 2.000000000000000000e+00
5.757933982533920414e-01 7.159956381589986929e-01 2.000000000000000000e+00
5.631141918472145624e-01 8.766525032997131150e-01 2.000000000000000000e+00
6.160807645055291770e-01 6.827717538165400946e-01 2.000000000000000000e+00
5.805346124848682621e-01 4.818181585161986913e-01 2.000000000000000000e+00
7.041458005040429624e-01 6.059454298786480786e-01 2.000000000000000000e+00
5.012705809797093348e-01 7.567400764843974503e-01 2.000000000000000000e+00
3.956077675631194945e-01 6.415697564788326313e-01 2.000000000000000000e+00
4.291947476149760576e-01 7.217566738618542699e-01 2.000000000000000000e+00
5.685717652719816106e-01 7.410684976075325725e-01 2.000000000000000000e+00
4.726962471647236375e-01 6.780807559617805236e-01 2.000000000000000000e+00
4.308370213668108462e-01 9.347895465053563946e-01 2.000000000000000000e+00
5.665720830275008391e-01 8.296155977886316979e-01 2.000000000000000000e+00
6.568132951784085849e-01 6.319679461223400851e-01 2.000000000000000000e+00
4.476574918687618032e-01 8.050966056014816630e-01 2.000000000000000000e+00
7.089266833477126939e-01 5.930704159769298878e-01 2.000000000000000000e+00
4.432086981972963580e-01 6.875713343489388008e-01 2.000000000000000000e+00
7.001672981965690878e-01 7.863916580117753519e-01 2.000000000000000000e+00
5.873710212891076754e-01 6.451524132158584779e-01 2.000000000000000000e+00
4.509709688167859443e-01 6.189414801558696944e-01 2.000000000000000000e+00
6.324116800300525476e-01 7.341411391897231242e-01 2.000000000000000000e+00
1.964792891826291077e-01 4.792790510180657826e-01 2.000000000000000000e+00
4.345195163016478679e-01 5.345861194916239345e-01 2.000000000000000000e+00
4.679282002293246867e-01 6.834094520219144986e-01 2.000000000000000000e+00
5.120654192237509283e-01 6.886900048621144022e-01 2.000000000000000000e+00
6.421223401146176624e-01 8.222138922472755906e-01 2.000000000000000000e+00
4.339188517097620768e-01 5.715624465803447185e-01 2.000000000000000000e+00
5.166786307406114886e-01 7.721046420860969706e-01 2.000000000000000000e+00
6.688458167406116095e-01 8.914250216535628546e-01 2.000000000000000000e+00
3.774264779857851582e-01 9.069277225084578786e-01 2.000000000000000000e+00
6.878881682346136284e-01 8.569002383340502682e-01 2.000000000000000000e+00
5.371153647209279125e-01 7.362743124543852380e-01 2.000000000000000000e+00
6.322832490492145130e-01 8.978437555451812546e-01 2.000000000000000000e+00
4.355120010034090328e-01 8.721358611111458270e-01 2.000000000000000000e+00
6.453928642886358480e-01 8.847983212370361672e-01 2.000000000000000000e+00
6.000845613144224489e-01 8.291014721657596898e-01 2.000000000000000000e+00
5.041962288315164908e-01 6.030614358604045044e-01 2.000000000000000000e+00
4.995203150778521062e-01 6.823881362321708721e-01 2.000000000000000000e+00
5.255182711881617452e-01 6.456394606334345809e-01 2.000000000000000000e+00
6.358880767181628313e-01 5.748632447370541909e-01 2.000000000000000000e+00
3.312821759010500244e-01 4.940707716815923578e-01 2.000000000000000000e+00
5.337451535116467527e-01 6.676006544265269405e-01 2.000000000000000000e+00
5.716353942830849633e-01 7.400340275442091054e-01 2.000000000000000000e+00
5.692616990234339314e-01 6.669094717955623697e-01 2.000000000000000000e+00
4.650927071192546558e-01 5.938966298558248091e-01 2.000000000000000000e+00
5.726452902953999002e-01 7.826906773173789578e-01 2.000000000000000000e+00
5.021201088759995601e-01 7.248955390702076507e-01 2.000000000000000000e+00
5.173956678352463756e-01 7.047907848256833585e-01 2.000000000000000000e+00
6.338001770270107471e-01 7.940556536136286203e-01 2.000000000000000000e+00
5.293892214888363812e-01 6.864361151721944942e-01 2.000000000000000000e+00
7.053849873919540991e-01 7.128456842156631890e-01 2.000000000000000000e+00
6.331844090895064614e-01 7.667437654909639022e-01 2.000000000000000000e+00
5.633824916600173038e-01 8.445290785843552195e-01 2.000000000000000000e+00
4.963680715319483405e-01 8.681303552860900608e-01 2.000000000000000000e+00
6.689366347989670336e-01 7.906677379475298695e-01 2.000000000000000000e+00
3.997117372779145916e-01 7.994058694050094616e-01 2.000000000000000000e+00
6.747964711880419797e-01 5.524443001402514763e-01 2.000000000000000000e+00
6.644143871354551978e-01 7.365304198880954223e-01 2.000000000000000000e+00
4.758371730431049107e-01 8.417592387535075549e-01 2.000000000000000000e+00
5.711377751534824077e-01 8.126546448145793855e-01 2.000000000000000000e+00
6.125422284840814635e-01 5.967070904093413342e-01 2.000000000000000000e+00
5.499791184450421033e-01 7.021642229707220073e-01 2.000000000000000000e+00
6.512584655538783407e-01 6.794496742698754588e-01 2.000000000000000000e+00
8.110328162053875856e-01 7.154292784896086888e-01 2.000000000000000000e+00
6.966952119170858326e-01 5.998521122692465068e-01 2.000000000000000000e+00
4.331204178708585872e-01 5.897261109804630141e-01 2.000000000000000000e+00
5.900721604106110574e-01 6.151571991558173469e-01 2.000000000000000000e+00
4.161587461905352225e-01 7.519893810145142909e-01 2.000000000000000000e+00
6.334728419924700038e-01 7.050399754304073063e-01 2.000000000000000000e+00
5.451949361326415833e-01 8.280325408142708010e-01 2.000000000000000000e+00
6.171848255497959235e-01 9.038138092333544149e-01 2.000000000000000000e+00
5.302273559785074530e-01 9.599006963652521041e-01 2.000000000000000000e+00
5.074449546848652792e-01 5.620167498012302865e-01 2.000000000000000000e+00
5.011811792506914998e-01 6.769937687050707753e-01 2.000000000000000000e+00
5.380777755310097721e-01 5.847605874540341420e-01 2.000000000000000000e+00
5.953868020506486447e-01 6.945570313858105971e-01 2.000000000000000000e+00
5.935754684357521516e-01 6.637629096081172353e-01 2.000000000000000000e+00
6.591233172924069184e-01 6.506499041893992752e-01 2.000000000000000000e+00
5.638038013886614852e-01 8.596466334462800063e-01 2.000000000000000000e+00
4.362878874208985236e-01 7.576522755609720328e-01 2.000000000000000000e+00
5.840727128357928732e-01 7.907312876461889406e-01 2.000000000000000000e+00
6.845563119256478091e-01 6.754279677600260046e-01 2.000000000000000000e+00
4.716662787597599715e-01 8.358366681186745195e-01 2.000000000000000000e+00
7.184144221112570561e-01 8.231082828573623722e-01 2.000000000000000000e+00
6.037425790610305709e-01 6.599484598787682677e-01 2.000000000000000000e+00
6.225199282514758403e-01 7.273348501883554196e-01 2.000000000000000000e+00
5.317855636988650936e-01 8.464817178738243131e-01 2.000000000000000000e+00
5.628075621705489473e-01 9.958312185611561951e-01 2.000000000000000000e+00
7.130134844254447657e-01 9.097966987755476964e-01 2.000000000000000000e+00
7.833918387202691846e-01 8.755588275251188213e-01 2.000000000000000000e+00
5.309411540545004859e-01 7.123645772086661943e-01 2.000000000000000000e+00
4.980629811565366882e-01 6.616965532846502684e-01 2.000000000000000000e+00
5.299475526502307465e-01 7.934673272851443526e-01 2.000000000000000000e+00
6.378673156791753174e-01 8.115538858245541221e-01 2.000000000000000000e+00
4.947569477476433941e-01 4.969080247214616164e-01 2.000000000000000000e+00
5.642530878140914474e-01 6.629369632885528940e-01 2.000000000000000000e+00
4.511319646944738082e-01 6.462606017056023999e-01 2.000000000000000000e+00
5.876149957206445729e-01 7.610674920671393062e-01 2.000000000000000000e+00
6.886944733105283545e-01 7.082985807797556044e-01 2.000000000000000000e+00
5.470961666345710572e-01 7.719706919524079725e-01 2.000000000000000000e+00
5.320550850417352651e-01 7.549027806820511888e-01 2.000000000000000000e+00
4.647512309927753771e-01 4.800016928933792393e-01 2.000000000000000000e+00
5.763495290539587534e-01 5.811557406440935880e-01 2.000000000000000000e+00
4.662170803443816958e-01 8.449258248460794762e-01 2.000000000000000000e+00
4.719656932691135287e-01 8.901679616637985237e-01 2.000000000000000000e+00
7.215262603706484867e-01 6.129852071035681860e-01 2.000000000000000000e+00
4.847470433029114067e-01 6.081994366191141310e-01 2.000000000000000000e+00
5.742121584367482212e-01 6.806682452565134822e-01 2.000000000000000000e+00
7.638949843182809563e-01 6.572744501397727035e-01 2.000000000000000000e+00
5.512057419253629797e-01 7.216945232140982158e-01 2.000000000000000000e+00
5.152088170362629782e-01 5.553466243062189500e-01 2.000000000000000000e+00
3.931038943271203401e-01 9.039882011713687993e-01 2.000000000000000000e+00
6.266014427434846157e-01 6.712151686091964997e-01 2.000000000000000000e+00
4.952575739247730979e-01 6.520984992661380542e-01 2.000000000000000000e+00
5.429969192603995021e-01 5.546184765150093954e-01 2.000000000000000000e+00
5.124143957390169257e-01 7.228788879048619886e-01 2.000000000000000000e+00
6.397054237351839090e-01 7.090929114846352688e-01 2.000000000000000000e+00
6.620932098777326802e-01 8.827291472770163461e-01 2.000000000000000000e+00
6.319823932459434079e-01 7.883585906913487262e-01 2.000000000000000000e+00
7.519463354274430467e-01 7.248964642099710032e-01 2.000000000000000000e+00
5.739643053638755488e-01 6.858110140712173619e-01 2.000000000000000000e+00
5.238788955067724684e-01 7.088343889946083776e-01 2.000000000000000000e+00
7.388918452131787440e-01 7.041751360997779985e-01 2.000000000000000000e+00
7.096992555586082441e-01 9.056336640983745356e-01 2.000000000000000000e+00
4.853028711737767953e-01 6.706991879886802232e-01 2.000000000000000000e+00
4.824844786257131979e-01 8.020791960349323846e-01 2.000000000000000000e+00
4.386914333227707186e-01 8.662688649185640299e-01 2.000000000000000000e+00
6.917099418683514411e-01 7.892234324055479311e-01 2.000000000000000000e+00
3.151217323200863341e-01 6.901930764775530136e-01 2.000000000000000000e+00
5.238126098913437056e-01 7.752109172838276274e-01 2.000000000000000000e+00
5.138890903155717282e-01 7.400712381288681030e-01 2.000000000000000000e+00
6.647587099508748265e-01 8.324147286119821798e-01 2.000000000000000000e+00
3.447869601709264153e-01 8.195065467652056235e-01 2.000000000000000000e+00
6.067625504688887172e-01 8.083587268976532014e-01 2.000000000000000000e+00
6.534300100334008432e-01 7.869108846336042573e-01 2.000000000000000000e+00
6.133307335083493239e-01 5.946946709755470684e-01 2.000000000000000000e+00
6.085109204723664345e-01 7.763659199419988832e-01 2.000000000000000000e+00
4.357789797152935019e-01 5.605668847413198819e-01 2.000000000000000000e+00
3.921767229690493739e-01 7.222353631166045229e-01 2.000000000000000000e+00
5.614899079794772874e-01 8.915269247999633162e-01 2.000000000000000000e+00
5.930671760647315827e-01 7.889294126587814704e-01 2.000000000000000000e+00
6.595015501007814862e-01 7.023501082323184708e-01 2.000000000000000000e+00
6.765613646198785913e-01 6.191587658066817212e-01 2.000000000000000000e+00
4.617232662047436320e-01 4.630227054153298605e-01 2.000000000000000000e+00
7.717124151721602709e-01 6.901735872979614106e-01 2.000000000000000000e+00
5.460632597869279348e-01 6.493057847640899549e-01 2.000000000000000000e+00
6.245958857588049806e-01 7.079873035160204608e-01 2.000000000000000000e+00
4.800513168949064324e-01 7.800813581245915618e-01 2.000000000000000000e+00
5.851759032152149542e-01 6.466138291546028594e-01 2.000000000000000000e+00
6.368009004922968730e-01 6.203633557797331166e-01 2.000000000000000000e+00
4.320313270534337780e-01 5.946275537664366118e-01 2.000000000000000000e+00
6.028148939772927095e-01 7.621219686728272213e-01 2.000000000000000000e+00
6.457803619005989537e-01 9.559972426673613022e-01 2.000000000000000000e+00
6.408961208668472187e-01 6.092489075138999288e-01 2.000000000000000000e+00
6.104510166672934002e-01 6.022432130307474596e-01 2.000000000000000000e+00
5.369107703579074631e-01 7.085285140506818458e-01 2.000000000000000000e+00
5.933757168992134234e-01 8.750770882066061240e-01 2.000000000000000000e+00
2.978287743381670682e-01 8.085422153312277205e-01 2.000000000000000000e+00
4.948730298358604007e-01 6.417634864441105202e-01 2.000000000000000000e+00
6.047918503965576953e-01 8.476185268933531525e-01 2.000000000000000000e+00
4.463233200720680971e-01 6.567564607354737793e-01 2.000000000000000000e+00
5.182508807652634886e-01 7.233127376329262503e-01 2.000000000000000000e+00
6.248074443750886164e-01 5.352709698355776480e-01 2.000000000000000000e+00
6.939829585078998164e-01 7.985285690276100468e-01 2.000000000000000000e+00
5.430685904543635090e-01 7.395006803566168685e-01 2.000000000000000000e+00
6.384662881734403106e-01 6.697056682168884834e-01 2.000000000000000000e+00
6.714254528463278193e-01 6.358023372537439100e-01 2.000000000000000000e+00
4.609975267111663944e-01 6.600686974196181556e-01 2.000000000000000000e+00
7.895382858955304339e-01 6.659481135901114124e-01 2.000000000000000000e+00
5.186927865895044620e-01 6.931628671624483484e-01 2.000000000000000000e+00
3.642708102027126249e-01 5.612338142902179028e-01 2.000000000000000000e+00
5.290200952337000828e-01 7.398006947478917850e-01 2.000000000000000000e+00
4.844098600498449314e-01 7.183164903828972436e-01 2.000000000000000000e+00
5.266510577534820881e-01 8.409511944247486381e-01 2.000000000000000000e+00
6.676297834133866349e-01 8.971144653490435994e-01 2.000000000000000000e+00
4.840906436238768262e-01 5.182886893504654591e-01 2.000000000000000000e+00
5.264923046400461493e-01 7.512968731958972191e-01 2.000000000000000000e+00
6.028333666083770526e-01 8.370120316736853194e-01 2.000000000000000000e+00
5.521093868754749501e-01 8.544803271698386826e-01 2.000000000000000000e+00
5.254797417504961654e-01 7.363749783123341164e-01 2.000000000000000000e+00
5.675796540894130215e-01 8.042291488724440107e-01 2.000000000000000000e+00
4.494519683045403169e-01 9.334496625643076140e-01 2.000000000000000000e+00
5.299812977647234691e-01 8.009576338025263809e-01 2.000000000000000000e+00
4.115927048523198573e-01 7.599220711676279993e-01 2.000000000000000000e+00
5.968448649822286622e-01 7.262542848043547217e-01 2.000000000000000000e+00
5.900154526908435448e-01 7.149309856010116482e-01 2.000000000000000000e+00
4.731596350187938227e-01 8.567468944370194572e-01 2.000000000000000000e+00
5.457598351446556473e-01 6.700541172815794866e-01 2.000000000000000000e+00
6.066662717410756800e-01 8.659339763702005310e-01 2.000000000000000000e+00
6.784656950383376461e-01 7.840227664944005026e-01 2.000000000000000000e+00
7.074551108369008245e-01 7.089974698204244419e-01 2.000000000000000000e+00
6.805279196196614144e-01 7.674081704874025078e-01 2.000000000000000000e+00
7.254609511364271679e-01 7.611126888117581979e-01 2.000000000000000000e+00
5.726977665367094517e-01 6.283040159333028729e-01 2.000000000000000000e+00
5.463371585387911678e-01 6.720259751668180570e-01 2.000000000000000000e+00
5.297333680432140257e-01 7.098012821538548511e-01 2.000000000000000000e+00
4.777419203232413092e-01 7.703688591757145154e-01 2.000000000000000000e+00
6.668580103767938194e-01 7.062088762931235664e-01 2.000000000000000000e+00
5.645543812848519138e-01 6.962788693775459059e-01 2.000000000000000000e+00
6.016881824713040672e-01 5.968139825070145621e-01 2.000000000000000000e+00
6.101042287702694855e-01 6.250703521238958338e-01 2.000000000000000000e+00
5.791634279297892540e-01 7.283327274723570000e-01 2.000000000000000000e+00
5.321679829254105654e-01 7.055718302140530085e-01 2.000000000000000000e+00
5.663473644730435685e-01 5.652271371385405585e-01 2.000000000000000000e+00
5.413783956516126095e-01 5.550160147734536364e-01 2.000000000000000000e+00
5.103250251751759725e-01 5.891850792177518725e-01 2.000000000000000000e+00
7.115491007346100849e-01 7.167753153421918544e-01 2.000000000000000000e+00
6.142944652158308649e-01 8.824505439136702822e-01 2.000000000000000000e+00
5.880271198284003908e-01 6.946508724836669701e-01 2.000000000000000000e+00
5.631541108844989596e-01 7.784076472743629571e-01 2.000000000000000000e+00
5.881496620050061797e-01 6.661550880869675506e-01 2.000000000000000000e+00
5.993902645064455026e-01 8.154775400460833046e-01 2.000000000000000000e+00
5.774018244841599978e-01 6.446645820647405323e-01 2.000000000000000000e+00
7.494553601489362116e-01 7.758329289404136686e-01 2.000000000000000000e+00
4.845213134022953172e-01 8.165796256828281585e-01 2.000000000000000000e+00
5.822722667085016290e-01 6.609544186656743925e-01 2.000000000000000000e+00
6.229967613079248068e-01 6.021129753597876944e-01 2.000000000000000000e+00
6.546344370532465318e-01 5.187100127741345323e-01 2.000000000000000000e+00
5.496254010737036122e-01 6.676031762372917067e-01 2.000000000000000000e+00
7.797277730527951700e-01 8.595501246867339740e-01 2.000000000000000000e+00
5.511511812019319612e-01 6.709381856269477362e-01 2.000000000000000000e+00
5.153483550659880841e-01 7.584828848985339933e-01 2.000000000000000000e+00
6.600853467858381896e-01 8.886372101077597563e-01 2.000000000000000000e+00
4.285967525954939017e-01 7.334528038463054012e-01 2.000000000000000000e+00
7.368452733050137038e-01 7.817825231811531550e-01 2.000000000000000000e+00
4.706186208028662055e-01 6.865675829239866745e-01 2.000000000000000000e+00
3.439245539542716834e-01 6.694040987652286612e-01 2.000000000000000000e+00
7.338102181253101097e-01 7.720593803827872081e-01 2.000000000000000000e+00
6.974513197138187959e-01 7.207131163254311135e-01 2.000000000000000000e+00
6.048274500187479363e-01 7.588095154781866469e-01 2.000000000000000000e+00
8.159827656994286249e-01 5.858712743736239625e-01 2.000000000000000000e+00
4.790599242790600787e-01 7.517754442022982486e-01 2.000000000000000000e+00
6.305558849888427408e-01 6.124045172677530235e-01 2.000000000000000000e+00
6.580338974030396360e-01 6.482515424833802387e-01 2.000000000000000000e+00
6.412260109579921430e-01 7.096825853196111478e-01 2.000000000000000000e+00
5.230620228020746998e-01 6.858990531848657701e-01 2.000000000000000000e+00
5.208182993318341003e-01 7.221502340814686116e-01 2.000000000000000000e+00
4.728438673161948214e-01 7.754668190688068785e-01 2.000000000000000000e+00
4.740155003335555506e-01 6.192341173934312604e-01 2.000000000000000000e+00
3.072031886595646410e-01 7.563979486312635281e-01 2.000000000000000000e+00
3.444693091241656235e-01 6.569941652697288692e-01 2.000000000000000000e+00
7.074281661831919310e-01 5.453965451781569440e-01 2.000000000000000000e+00
5.557542847560842381e-01 5.823450587990525174e-01 2.000000000000000000e+00
6.122926085266096052e-01 6.428053803583499981e-01 2.000000000000000000e+00
6.454454765898509638e-01 7.427797789202783552e-01 2.000000000000000000e+00
6.308163925168187580e-01 7.073895321837720962e-01 2.000000000000000000e+00
7.122092117530648414e-01 8.249910603968695355e-01 2.000000000000000000e+00
5.875935689849010046e-01 6.526969966976158277e-01 2.000000000000000000e+00
5.717879800097822596e-01 6.099300892462223844e-01 2.000000000000000000e+00
4.156674427044258491e-01 7.023564716231870397e-01 2.000000000000000000e+00
6.719042015046896577e-01 7.360593079207298217e-01 2.000000000000000000e+00
5.496267338469257302e-01 6.434619351520474151e-01 2.000000000000000000e+00
4.142803086539412760e-01 1.000000000000000000e+00 2.000000000000000000e+00
6.418519946645960816e-01 7.935593236789885152e-01 2.000000000000000000e+00
5.544337603828347616e-01 8.140318903711732945e-01 2.000000000000000000e+00
6.475683099358452433e-01 7.621304219521747303e-01 2.000000000000000000e+00
7.063114759669983922e-01 7.178687673646034773e-01 2.000000000000000000e+00
6.001191158187413333e-01 8.386871027737849982e-01 2.000000000000000000e+00
6.601645497972601362e-01 8.146775930859645465e-01 2.000000000000000000e+00
8.163270952705010686e-01 6.665325658552098131e-01 2.000000000000000000e+00
5.354976515319798125e-01 6.351541317545050802e-01 2.000000000000000000e+00
5.207110032488173612e-01 8.881696240512454432e-01 2.000000000000000000e+00
8.253560455367634496e-01 8.726673689055967076e-01 2.000000000000000000e+00
4.438890276823223013e-01 8.665891119173136925e-01 2.000000000000000000e+00
5.828598938709969035e-01 5.676363337269403342e-01 2.000000000000000000e+00
6.257389510424923307e-01 7.768585912612075983e-01 2.000000000000000000e+00
5.714025785037626370e-01 6.277254730281426331e-01 2.000000000000000000e+00
5.393439664420293100e-01 6.503115957080051190e-01 2.000000000000000000e+00
5.135644144372385478e-01 8.165012473635305801e-01 2.000000000000000000e+00
5.584495517881338245e-01 7.321638841539303000e-01 2.000000000000000000e+00
5.250503478199712859e-01 7.710618856244108033e-01 2.000000000000000000e+00
4.515187973918282083e-01 6.251163366573257996e-01 2.000000000000000000e+00
2.989679632238301799e-01 5.843042627007862810e-01 2.000000000000000000e+00
6.103008499749305038e-01 5.492161741891484761e-01 2.000000000000000000e+00
5.406381695257513886e-01 7.799656513209353159e-01 2.000000000000000000e+00
6.940543665886695912e-01 7.590899944311388925e-01 2.000000000000000000e+00
7.549615291194179401e-01 7.776818917649687135e-01 2.000000000000000000e+00
3.548087312131787963e-01 5.836186402717874477e-01 2.000000000000000000e+00
3.532632596990588625e-01 4.844542692687841545e-01 2.000000000000000000e+00
6.572340171144971377e-01 6.817411228583126759e-01 2.000000000000000000e+00
5.461313849415287969e-01 5.868643548701953927e-01 2.000000000000000000e+00
4.550837065667749370e-01 8.310495714878285423e-01 2.000000000000000000e+00
4.663940718283297038e-01 6.479608263118746825e-01 2.000000000000000000e+00
5.497989315726000692e-01 7.416874710311590624e-01 2.000000000000000000e+00
3.287524522336897626e-01 9.012999487783093233e-01 2.000000000000000000e+00
4.834370471762883814e-01 5.673730256164246644e-01 2.000000000000000000e+00
7.305095913811068264e-01 6.195583597213510929e-01 2.000000000000000000e+00
5.190842342741454063e-01 6.002191377648534720e-01 2.000000000000000000e+00
5.829378967412682799e-01 7.080572303119139210e-01 2.000000000000000000e+00
5.544842273273367095e-01 7.087631067686339659e-01 2.000000000000000000e+00
5.971363256162824928e-01 5.415062771887479975e-01 2.000000000000000000e+00
5.945191683736036348e-01 7.937735294224744775e-01 2.000000000000000000e+00
6.338659336534633315e-01 6.005144284179655401e-01 2.000000000000000000e+00
6.058822384501089120e-01 6.954720990626542809e-01 2.000000000000000000e+00
6.759808554677305681e-01 6.753915893686481819e-01 2.000000000000000000e+00
5.882275683715614267e-01 4.662702271180144686e-01 2.000000000000000000e+00
6.137385393898077135e-01 6.712568337277362573e-01 2.000000000000000000e+00
3.943731936392556037e-01 6.680923915045744454e-01 2.000000000000000000e+00
6.250602462009616778e-01 7.376922996525021592e-01 2.000000000000000000e+00
4.862417271487156634e-01 4.765001477646497174e-01 2.000000000000000000e+00
6.235248964680779604e-01 6.882745767403646298e-01 2.000000000000000000e+00
5.690102291234029330e-01 7.660839757422863716e-01 2.000000000000000000e+00
5.008611749385913914e-01 5.370575066025834454e-01 2.000000000000000000e+00
5.903667265059669989e-01 6.520499057489651529e-01 2.000000000000000000e+00
7.317208912934911602e-01 6.502109264706572578e-01 2.000000000000000000e+00
6.001966521355577289e-01 7.207343004019621802e-01 2.000000000000000000e+00
6.489472137731275847e-01 6.683232636007915284e-01 2.000000000000000000e+00
5.409529644374558854e-01 7.179444747178831410e-01 2.000000000000000000e+00
5.150017163110377494e-01 5.432023689739932104e-01 2.000000000000000000e+00
7.429283856087570692e-01 5.730432513270565797e-01 2.000000000000000000e+00
6.520363766592882637e-01 6.436997010892060445e-01 2.000000000000000000e+00
7.311064617254163789e-01 8.286011299510064321e-01 2.000000000000000000e+00
4.574096173961448852e-01 6.847654033332062351e-01 2.000000000000000000e+00
6.662046577259634894e-01 7.423698064729802315e-01 2.000000000000000000e+00
6.077895870245064724e-01 6.703607040350810786e-01 2.000000000000000000e+00
6.841467272603704020e-01 8.236060005451315558e-01 2.000000000000000000e+00
6.365142681608578767e-01 7.657215134558907899e-01 2.000000000000000000e+00
5.470979008572511848e-01 7.001252523673751060e-01 2.000000000000000000e+00
4.712280717354517257e-01 7.023386489685300438e-01 2.000000000000000000e+00
5.502438114535592728e-01 7.735698043000940327e-01 2.000000000000000000e+00
6.438607220557376332e-01 6.184879443682484990e-01 2.000000000000000000e+00
6.592850392321472075e-01 5.215095070414684786e-01 2.000000000000000000e+00
6.578503529499273306e-01 9.054724874203943230e-01 2.000000000000000000e+00
5.594439731914626623e-01 7.928570436848950687e-01 2.000000000000000000e+00
7.928269891329915442e-01 6.455272918009740124e-01 2.000000000000000000e+00
5.616463788157993742e-01 8.811374335589085005e-01 2.000000000000000000e+00
5.363025195717853189e-01 7.933168889417865355e-01 2.000000000000000000e+00
5.362643331408327718e-01 7.370282875449147841e-01 2.000000000000000000e+00
7.166077106426117505e-01 8.070318286594829749e-01 2.000000000000000000e+00
6.280805038750882918e-01 6.765829979432999020e-01 2.000000000000000000e+00
6.549355303139585693e-01 7.065062963343422542e-01 2.000000000000000000e+00
5.193755948038445425e-01 5.169077656051235259e-01 2.000000000000000000e+00
5.855078520111666185e-01 8.779931573195858263e-01 2.000000000000000000e+00
5.148932940794029856e-01 6.578553728207785500e-01 2.000000000000000000e+00
5.322040723513135063e-01 7.523810745899578434e-01 2.000000000000000000e+00
5.841355679399916623e-01 6.045484693392223496e-01 2.000000000000000000e+00
2.868730046592710137e-01 6.324087020664249659e-01 2.000000000000000000e+00
6.115611641004329302e-01 7.527478244202545632e-01 2.000000000000000000e+00
4.012237368476985755e-01 8.012910744124315254e-01 2.000000000000000000e+00
7.417573498434454349e-01 9.653076829656217495e-01 2.000000000000000000e+00
6.086165799992057091e-01 7.667903017839321489e-01 2.000000000000000000e+00
4.856491309927862265e-01 6.315701021336851406e-01 2.000000000000000000e+00
6.662914627174041371e-01 8.844077786625923476e-01 2.000000000000000000e+00
5.101877430464920593e-01 5.509816531411784180e-01 2.000000000000000000e+00
5.398459057335492917e-01 5.243934231226795584e-01 2.000000000000000000e+00
5.747945272672032591e-01 7.233269296447987218e-01 2.000000000000000000e+00
6.289839173819464779e-01 6.155959296014470450e-01 2.000000000000000000e+00
4.267203010817651188e-01 8.332526977932758205e-01 2.000000000000000000e+00
5.974260573402517815e-01 7.398434574425363230e-01 2.000000000000000000e+00
4.051810025045434194e-01 5.974574661506221185e-01 2.000000000000000000e+00
6.863546162732169220e-01 6.099165319997174040e-01 2.000000000000000000e+00
6.251334800948629145e-01 5.978361342302579429e-01 2.000000000000000000e+00
6.276410782386264708e-01 7.434265098457253362e-01 2.000000000000000000e+00
5.587716519841585683e-01 7.047304506923699474e-01 2.000000000000000000e+00
4.875829430569403322e-01 6.581035580116065820e-01 2.000000000000000000e+00
7.070815379956046920e-01 5.255085707639761683e-01 2.000000000000000000e+00
4.127360307755393865e-01 7.856887634555634881e-01 2.000000000000000000e+00
6.159637055136062411e-01 9.036342415602687250e-01 2.000000000000000000e+00
5.571769458759382454e-01 8.138825217831109349e-01 2.000000000000000000e+00
6.038389498717334769e-01 6.969304301374475985e-01 2.000000000000000000e+00
5.901685225719796035e-01 8.246308515900669933e-01 2.000000000000000000e+00
5.275573374942675864e-01 7.562677268855455548e-01 2.000000000000000000e+00
4.390252780595109150e-01 6.514499952865615562e-01 2.000000000000000000e+00
7.658368239385456855e-01 3.704858198188538676e-01 1.000000000000000000e+00
4.529770398619923921e-01 4.115594796557154322e-01 1.000000000000000000e+00
4.640825649720095036e-01 5.739879988238383302e-01 1.000000000000000000e+00
4.256511965157941391e-01 5.632517548723482426e-01 1.000000000000000000e+00
6.495669663987623244e-01 4.464825494049448062e-01 1.000000000000000000e+00
5.772990394745535214e-01 6.106221972135987830e-01 1.000000000000000000e+00
4.806569543365152852e-01 4.018742967870681526e-01 1.000000000000000000e+00
5.772410582957507863e-01 5.944277783505144130e-01 1.000000000000000000e+00
6.111656273727879007e-01 5.713149108068356075e-01 1.000000000000000000e+00
5.353642254184740601e-01 6.807151239406133980e-01 1.000000000000000000e+00
3.778514396693700705e-01 4.730600177915216253e-01 1.000000000000000000e+00
5.923758721911891456e-01 4.948990084646063825e-01 1.000000000000000000e+00
6.158647666072152305e-01 4.670498191694492651e-01 1.000000000000000000e+00
5.993639825506867913e-01 4.998770630065341725e-01 1.000000000000000000e+00
6.177137955299525363e-01 4.876152002024696230e-01 1.000000000000000000e+00
4.775736011142663884e-01 4.701313356812515387e-01 1.000000000000000000e+00
5.181916787224073451e-01 5.548169366093425037e-01 1.000000000000000000e+00
3.648275296986673855e-01 4.641581187049692581e-01 1.000000000000000000e+00
3.912326467033885313e-01 5.269925254196565767e-01 1.000000000000000000e+00
4.912812418148395088e-01 6.860443713551254152e-01 1.000000000000000000e+00
5.030630728426708220e-01 5.184739947513824498e-01 1.000000000000000000e+00
6.332618105568776912e-01 5.223757054003198563e-01 1.000000000000000000e+00
3.962237201618797888e-01 4.318928668633607582e-01 1.000000000000000000e+00
5.849198893732057147e-01 4.901469437789668926e-01 1.000000000000000000e+00
6.814322550241148635e-01 4.871162932446577720e-01 1.000000000000000000e+00
4.255686668729131705e-01 4.980087221498800121e-01 1.000000000000000000e+00
6.712225792511277156e-01 6.811791816580380354e-01 1.000000000000000000e+00
5.683307623252068508e-01 4.450959322509622784e-01 1.000000000000000000e+00
5.850078091110664236e-01 4.078842876335567191e-01 1.000000000000000000e+00
2.935096938678677381e-01 4.745970976743525416e-01 1.000000000000000000e+00
6.649450218970297533e-01 4.355916641417845736e-01 1.000000000000000000e+00
4.151538845017704316e-01 4.953408614033981139e-01 1.000000000000000000e+00
4.606077886022457157e-01 5.842702927169937110e-01 1.000000000000000000e+00
4.844134904167440303e-01 4.620495435796216910e-01 1.000000000000000000e+00
5.007458967260275395e-01 5.330842927801175968e-01 1.000000000000000000e+00
3.072159345757405902e-01 5.563098194936294538e-01 1.000000000000000000e+00
4.505467208965909243e-01 5.602445646830094272e-01 1.000000000000000000e+00
5.051333434378291187e-01 4.214980124096741609e-01 1.000000000000000000e+00
6.307300626520991882e-01 4.956446846976328424e-01 1.000000000000000000e+00
3.433746721604540308e-01 5.398372397357485974e-01 1.000000000000000000e+00
4.846135958434614754e-01 4.736661633347464262e-01 1.000000000000000000e+00
6.098214586415066085e-01 4.556901177945971160e-01 1.000000000000000000e+00
4.122563819037468047e-01 6.276322933943451199e-01 1.000000000000000000e+00
6.067286407875388532e-01 6.969222738322136124e-01 1.000000000000000000e+00
5.258059890312009044e-01 7.061709525085072547e-01 1.000000000000000000e+00
7.248563226661657311e-01 4.539291925023716812e-01 1.000000000000000000e+00
5.820965253151814123e-01 3.181367255707856501e-01 1.000000000000000000e+00
5.197974387540906793e-01 5.515083045671719253e-01 1.000000000000000000e+00
6.634136946862189133e-01 5.362158803009335895e-01 1.000000000000000000e+00
5.777538965217381417e-01 3.535593204945817747e-01 1.000000000000000000e+00
6.016394129059673412e-01 5.714873233180941536e-01 1.000000000000000000e+00
4.910666804014603426e-01 5.635520076421586255e-01 1.000000000000000000e+00
2.251792700069074893e-01 3.153101058239494714e-01 1.000000000000000000e+00
4.375119140985862520e-01 5.791669044992885373e-01 1.000000000000000000e+00
4.697980156590026435e-01 4.355152924085979871e-01 1.000000000000000000e+00
5.897134450209668977e-01 3.987288542233212718e-01 1.000000000000000000e+00
4.206436135435079327e-01 5.134288185278925720e-01 1.000000000000000000e+00
3.878988616143023704e-01 5.409495009003980615e-01 1.000000000000000000e+00
4.162660806003578018e-01 2.497539669339296498e-01 1.000000000000000000e+00
4.481902052875419429e-01 3.791236794353278206e-01 1.000000000000000000e+00
3.292110697352790827e-01 7.250552215739537454e-01 1.000000000000000000e+00
3.756025863432130296e-01 4.937144659578454053e-01 1.000000000000000000e+00
4.818376850701133196e-01 4.495992667288968847e-01 1.000000000000000000e+00
6.444921826834133505e-01 5.537290234044980330e-01 1.000000000000000000e+00
2.350974962949574087e-01 4.437048128702388849e-01 1.000000000000000000e+00
7.518539794049657887e-01 5.518856486920113991e-01 1.000000000000000000e+00
6.010120099095817015e-01 4.957690992960422927e-01 1.000000000000000000e+00
2.108162021678101905e-01 4.861905447912820977e-01 1.000000000000000000e+00
6.249258154965671164e-01 5.291758464632239090e-01 1.000000000000000000e+00
3.056311004997119829e-01 3.560906659712161915e-01 1.000000000000000000e+00
6.115026599961647102e-01 3.321245988766592383e-01 1.000000000000000000e+00
3.563545613300195813e-01 5.731828668157754603e-01 1.000000000000000000e+00
2.998964349286212250e-01 3.706125896156994282e-01 1.000000000000000000e+00
5.308002407437182324e-01 3.875917775391933273e-01 1.000000000000000000e+00
3.323674270834087174e-01 4.598080310404463189e-01 1.000000000000000000e+00
4.626471065073207711e-01 3.729530636929434539e-01 1.000000000000000000e+00
4.218651154947213322e-01 3.751602602316810309e-01 1.000000000000000000e+00
3.960900379549573969e-01 4.684504145851242085e-01 1.000000000000000000e+00
3.294341609019683093e-01 5.486562641171145449e-01 1.000000000000000000e+00
4.944954505419105195e-01 5.006979594372902298e-01 1.000000000000000000e+00
3.046366220568983985e-01 3.714997601556463414e-01 1.000000000000000000e+00
4.547300858423939940e-01 5.465179569678993987e-01 1.000000000000000000e+00
5.651221060747527725e-01 4.589501484438465173e-01 1.000000000000000000e+00
5.151160977801616525e-01 4.807131310525121215e-01 1.000000000000000000e+00
4.726235396678356571e-01 4.588805511512835666e-01 1.000000000000000000e+00
3.885897043584098931e-01 5.320747931920197793e-01 1.000000000000000000e+00
5.705730232262435919e-01 5.633393715321930451e-01 1.000000000000000000e+00
4.953161481887673467e-01 1.890525531417636129e-01 1.000000000000000000e+00
5.718471202591141056e-01 6.379718352625949329e-01 1.000000000000000000e+00
4.577073725099909396e-01 2.194966352312677782e-01 1.000000000000000000e+00
3.477979972850706036e-01 4.020562612665704028e-01 1.000000000000000000e+00
4.283305885371614385e-01 3.989313333987265509e-01 1.000000000000000000e+00
4.202924304214527562e-01 4.124174216854725183e-01 1.000000000000000000e+00
4.657622349348929935e-01 5.541254913276073557e-01 1.000000000000000000e+00
3.276597982969937095e-01 4.159281196501186662e-01 1.000000000000000000e+00
4.764037319319551766e-01 5.190337320036239044e-01 1.000000000000000000e+00
5.876503022962248357e-01 5.317902811149346487e-01 1.000000000000000000e+00
6.379393985010306523e-01 6.879540936837772458e-01 1.000000000000000000e+00
5.982547645558856653e-01 4.087704448696278803e-01 1.000000000000000000e+00
4.780628809662605949e-01 5.280184616686285359e-01 1.000000000000000000e+00
5.655736390201216990e-01 4.061632242512179802e-01 1.000000000000000000e+00
5.795817033447204780e-01 3.644844507796637934e-01 1.000000000000000000e+00
4.438187609541787149e-01 7.420239653134927948e-01 1.000000000000000000e+00
4.362039303739715379e-01 4.261311224381788554e-01 1.000000000000000000e+00
5.343592450240494118e-01 6.203456827321784939e-01 1.000000000000000000e+00
5.649564174237730052e-01 5.361687004414015245e-01 1.000000000000000000e+00
3.646637268965070566e-01 5.247368182267799774e-01 1.000000000000000000e+00
5.624019502550320349e-01 4.323153169012134978e-01 1.000000000000000000e+00
4.307265434822495909e-01 2.874487692678061035e-01 1.000000000000000000e+00
5.390346051660270810e-01 5.558448544413241432e-01 1.000000000000000000e+00
5.119900286047210924e-01 6.706793833387572068e-01 1.000000000000000000e+00
4.564332704029066545e-01 4.535591223819783191e-01 1.000000000000000000e+00
2.873259096670642831e-01 4.875436314891981038e-01 1.000000000000000000e+00
2.314198349895104645e-01 2.989027156598494939e-01 1.000000000000000000e+00
6.401524076726560208e-01 5.085328722371244003e-01 1.000000000000000000e+00
4.815226694089845272e-01 4.694881004981829586e-01 1.000000000000000000e+00
2.915070434172604141e-01 3.569603046590292816e-01 1.000000000000000000e+00
5.221665018172795270e-01 4.826708080881230711e-01 1.000000000000000000e+00
5.303965309583646981e-01 6.157105944549029486e-01 1.000000000000000000e+00
4.118883975922023599e-01 4.601365920676304122e-01 1.000000000000000000e+00
4.468532057001917135e-01 4.995920619231936644e-01 1.000000000000000000e+00
5.805403663199837361e-01 4.867268509498868800e-01 1.000000000000000000e+00
5.220062643320362294e-01 4.429488597975800857e-01 1.000000000000000000e+00
5.392158345536705033e-01 4.817369058250275393e-01 1.000000000000000000e+00
5.949658055006387114e-01 4.719539016187594416e-01 1.000000000000000000e+00
3.860567972777921852e-01 3.566907673338998719e-01 1.000000000000000000e+00
4.850479890040760855e-01 5.333816331345205830e-01 1.000000000000000000e+00
3.801734854927030227e-01 6.241424047278963938e-01 1.000000000000000000e+00
4.221764991526633648e-01 4.241256239188363475e-01 1.000000000000000000e+00
4.509461938235503897e-01 5.435514605843836389e-01 1.000000000000000000e+00
5.612946520731045830e-01 5.551516584060639525e-01 1.000000000000000000e+00
6.349600414322534858e-01 5.638352657426964898e-01 1.000000000000000000e+00
8.634327796879819328e-01 5.864806238903564894e-01 1.000000000000000000e+00
4.919824765109185316e-01 4.915574913041387828e-01 1.000000000000000000e+00
6.147400343580254889e-01 3.425563784238031539e-01 1.000000000000000000e+00
5.397489536793232956e-01 5.492523427932355373e-01 1.000000000000000000e+00
6.004917605963271399e-01 6.120353353780758621e-01 1.000000000000000000e+00
4.512125150276367069e-01 4.125366177565149006e-01 1.000000000000000000e+00
6.487916441297054693e-01 6.802576754957097016e-01 1.000000000000000000e+00
5.908084532369999309e-01 6.554248031635936389e-01 1.000000000000000000e+00
5.622678711964997911e-01 6.640909110231109080e-01 1.000000000000000000e+00
1.828235358760497975e-01 2.912124059981665014e-01 1.000000000000000000e+00
5.167814904252812092e-01 4.941425857056615523e-01 1.000000000000000000e+00
5.592906633082521672e-01 4.775441040859214059e-01 1.000000000000000000e+00
5.027245716067380021e-01 4.790554430731004398e-01 1.000000000000000000e+00
2.521338194021812140e-01 3.373319861926327157e-01 1.000000000000000000e+00
4.195963854099402646e-01 3.974920290761360109e-01 1.000000000000000000e+00
3.352014442880425493e-01 5.012509477202591324e-01 1.000000000000000000e+00
5.812139897632029317e-01 4.500599305481633450e-01 1.000000000000000000e+00
6.683635822671629700e-01 4.829557485953021589e-01 1.000000000000000000e+00
4.573724251275766983e-01 5.115358554229579857e-01 1.000000000000000000e+00
5.367560240413370432e-01 6.517306204461845720e-01 1.000000000000000000e+00
5.775696400128788044e-01 5.523421516851700908e-01 1.000000000000000000e+00
3.145086809997160171e-01 3.702763579898498691e-01 1.000000000000000000e+00
5.015751901351849229e-01 5.130666998538296886e-01 1.000000000000000000e+00
4.193978150531772475e-01 5.335755602724862046e-01 1.000000000000000000e+00
5.083375749541120259e-01 6.010598172618223378e-01 1.000000000000000000e+00
5.988531723699467291e-01 4.692835553194777409e-01 1.000000000000000000e+00
4.627362496251523627e-01 4.463576407839534022e-01 1.000000000000000000e+00
5.169530987333749161e-01 7.550461441512117400e-01 1.000000000000000000e+00
3.472399198018770172e-01 4.640886064774849551e-01 1.000000000000000000e+00
4.604817365942864282e-01 5.478419263735491151e-01 1.000000000000000000e+00
3.472864841151165338e-01 3.777041024572036498e-01 1.000000000000000000e+00
6.756040559078491103e-01 4.977041083117894060e-01 1.000000000000000000e+00
4.586127121078788504e-01 4.068047603954587643e-01 1.000000000000000000e+00
6.516699968907503360e-01 4.021399739850336497e-01 1.000000000000000000e+00
5.046212024181850886e-01 4.557421719911081692e-01 1.000000000000000000e+00
3.696369282840442638e-01 2.711696505849868211e-01 1.000000000000000000e+00
4.810109735470310954e-01 6.028736059076814646e-01 1.000000000000000000e+00
7.393064432231900573e-01 4.813601348665754731e-01 1.000000000000000000e+00
5.108308241252391690e-01 5.415872177112112107e-01 1.000000000000000000e+00
6.114374799548055739e-01 5.634111980295314348e-01 1.000000000000000000e+00
5.156093732103055327e-01 5.547893075325380785e-01 1.000000000000000000e+00
6.694245628739742271e-01 3.362639263439627935e-01 1.000000000000000000e+00
3.950992976673091128e-01 4.930589948511560072e-01 1.000000000000000000e+00
5.450099568628090640e-01 4.693466524916535265e-01 1.000000000000000000e+00
5.354120335920955487e-01 5.012852400975897904e-01 1.000000000000000000e+00
5.856247540519896599e-01 4.771475641320838679e-01 1.000000000000000000e+00
3.757127858644785934e-01 5.227029216329354133e-01 1.000000000000000000e+00
4.699312874837556775e-01 5.256496809715742735e-01 1.000000000000000000e+00
5.765433996384231596e-01 4.461725513587049829e-01 1.000000000000000000e+00
4.240979031297045787e-01 4.007460812164142516e-01 1.000000000000000000e+00
3.690234173664281303e-01 3.796665853111897415e-01 1.000000000000000000e+00
4.174388514699831076e-01 5.868908208235942281e-01 1.000000000000000000e+00
5.333434737412948712e-01 5.852345036274445578e-01 1.000000000000000000e+00
4.426545511398377042e-01 4.638780899656377854e-01 1.000000000000000000e+00
3.868970054743240961e-01 3.499442603007295038e-01 1.000000000000000000e+00
6.630868428603817755e-01 7.331486631640204976e-01 1.000000000000000000e+00
2.752581073421549451e-01 5.313701543749244083e-01 1.000000000000000000e+00
5.642671818316901122e-01 4.371651666164594885e-01 1.000000000000000000e+00
6.376258901385392086e-01 5.267569454928231476e-01 1.000000000000000000e+00
6.154543544699738744e-01 3.645192453828723367e-01 1.000000000000000000e+00
3.754058654148368923e-01 5.301336646211253223e-01 1.000000000000000000e+00
5.499939756774011590e-01 4.936230135508163919e-01 1.000000000000000000e+00
3.745231941932623543e-01 4.089080734733216427e-01 1.000000000000000000e+00
4.747240305530544546e-01 3.966634822860400367e-01 1.000000000000000000e+00
4.709513690636769057e-01 4.276196702082101231e-01 1.000000000000000000e+00
3.847509061097124650e-01 4.603506478071756058e-01 1.000000000000000000e+00
4.842692028974078244e-01 5.972123627598017181e-01 1.000000000000000000e+00
7.270684453039347739e-01 3.556006177739325369e-01 1.000000000000000000e+00
7.507788062517696259e-01 5.849677494137381917e-01 1.000000000000000000e+00
4.640954338145910074e-01 5.605604972422164600e-01 1.000000000000000000e+00
5.433056549878276797e-01 4.911342079502473701e-01 1.000000000000000000e+00
4.174406372123320996e-01 3.012727181649973440e-01 1.000000000000000000e+00
4.498604394956386421e-01 5.562180265515811461e-01 1.000000000000000000e+00
5.641801675302026142e-01 4.571411816443571863e-01 1.000000000000000000e+00
5.160192133550167704e-01 4.127818844343147386e-01 1.000000000000000000e+00
5.658584086225373344e-01 5.483915543767627909e-01 1.000000000000000000e+00
5.661250934292639814e-01 5.319759183721072260e-01 1.000000000000000000e+00
5.588012028430972000e-01 6.288293201139836253e-01 1.000000000000000000e+00
6.052957108469610992e-01 5.778451821546888301e-01 1.000000000000000000e+00
5.445204267865993986e-01 3.726207382708149329e-01 1.000000000000000000e+00
5.905206799477146218e-01 5.106680635209077668e-01 1.000000000000000000e+00
6.053929240917361732e-01 4.607615235742213433e-01 1.000000000000000000e+00
5.013076846266907305e-01 3.545414334416082669e-01 1.000000000000000000e+00
4.788615578614557333e-01 5.033136611050003095e-01 1.000000000000000000e+00
4.920853112457652112e-01 3.196744515047714175e-01 1.000000000000000000e+00
4.928467730078773812e-01 5.534442366242677824e-01 1.000000000000000000e+00
4.474892380314143270e-01 4.176444581373517373e-01 1.000000000000000000e+00
3.668768160693515190e-01 5.458595220494518729e-01 1.000000000000000000e+00
5.064692899314210406e-01 4.379758448329010290e-01 1.000000000000000000e+00
4.338906444900851311e-01 6.077878366377851282e-01 1.000000000000000000e+00
6.032884170569938753e-01 6.669601988436625328e-01 1.000000000000000000e+00
5.327585043506678497e-01 5.511199322530772049e-01 1.000000000000000000e+00
4.616857350106134406e-01 5.515363549715008862e-01 1.000000000000000000e+00
5.935359369702973842e-01 5.051844921083430417e-01 1.000000000000000000e+00
6.126622526638039190e-01 4.291379042060677329e-01 1.000000000000000000e+00
3.976100675479901647e-01 4.965693084340590535e-01 1.000000000000000000e+00
3.951753179770080004e-01 4.143201086378388576e-01 1.000000000000000000e+00
3.683621776431185713e-01 4.763340975059655591e-01 1.000000000000000000e+00
3.969756801338825691e-01 4.223486545955145721e-01 1.000000000000000000e+00
4.574337170599873659e-01 5.517313272836309457e-01 1.000000000000000000e+00
5.627571139496279073e-01 5.003044131822624863e-01 1.000000000000000000e+00
4.531216588993502437e-01 4.312135822991991496e-01 1.000000000000000000e+00
4.789836261220554725e-01 5.289447493919253729e-01 1.000000000000000000e+00
5.437276620457650589e-01 6.085885402365553976e-01 1.000000000000000000e+00
4.298335571632354024e-01 4.396097967738765711e-01 1.000000000000000000e+00
5.893029443760302577e-01 3.885804957213210287e-01 1.000000000000000000e+00
6.533195651291190398e-01 5.055623480287521065e-01 1.000000000000000000e+00
4.562937715533064154e-01 6.217990950143401641e-01 1.000000000000000000e+00
4.021316079708423530e-01 4.292477115343595884e-01 1.000000000000000000e+00
4.287379895213713210e-01 3.923351511182026075e-01 1.000000000000000000e+00
5.146241730725555907e-01 2.993203533914045589e-01 1.000000000000000000e+00
6.764991219465830152e-01 6.159315807822650646e-01 1.000000000000000000e+00
5.988684068021362661e-01 4.875835825093157716e-01 1.000000000000000000e+00
4.073202305824955016e-01 4.672419986455922936e-01 1.000000000000000000e+00
5.245130918141608367e-01 4.450952998049448883e-01 1.000000000000000000e+00
5.409574348368141328e-01 4.588970350964162170e-01 1.000000000000000000e+00
4.649071793931320307e-01 4.030055943858903977e-01 1.000000000000000000e+00
4.506002064325121959e-01 3.765091133639978382e-01 1.000000000000000000e+00
4.040223220453064146e-01 5.703006061738933319e-01 1.000000000000000000e+00
5.517323348436118380e-01 4.557023804034169290e-01 1.000000000000000000e+00
3.971152864236625057e-01 5.018028507130245508e-01 1.000000000000000000e+00
3.697655681416829321e-01 4.667672569157826357e-01 1.000000000000000000e+00
5.096542877712223474e-01 4.973758563412398193e-01 1.000000000000000000e+00
2.540760882793385855e-01 4.621013432709307756e-01 1.000000000000000000e+00
3.619484503231476524e-01 3.836022674817143319e-01 1.000000000000000000e+00
3.417878381389872211e-01 4.297568926742841855e-01 1.000000000000000000e+00
3.831453919174850897e-01 4.340557377567351716e-01 1.000000000000000000e+00
4.328389877382730622e-01 5.135483623946413001e-01 1.000000000000000000e+00
3.588368161323004513e-01 4.258445537832631911e-01 1.000000000000000000e+00
5.619634785584760595e-01 5.130449343349565705e-01 1.000000000000000000e+00
3.446335060334808631e-01 4.466265890785822701e-01 0.000000000000000000e+00
3.260813469146893184e-01 2.184134708832498328e-01 0.000000000000000000e+00
4.072499282148795974e-01 4.468158843537707314e-01 0.000000000000000000e+00
3.400443117498214152e-01 1.647430759494360741e-01 0.000000000000000000e+00
2.402603884666188461e-01 2.746706662187208825e-01 0.000000000000000000e+00
2.136496622460226369e-01 4.798764326783523382e-01 0.000000000000000000e+00
4.629119215822725675e-01 4.228920532701538337e-01 0.000000000000000000e+00
3.288931862831867003e-01 3.687887846016463800e-01 0.000000000000000000e+00
2.463058148003888503e-01 3.584209484866799911e-01 0.000000000000000000e+00
3.333643159085083463e-01 5.089579551399147084e-01 0.000000000000000000e+00
4.308962911807347473e-01 3.971278001516437839e-01 0.000000000000000000e+00
4.084704024812750855e-01 4.031457510707702752e-01 0.000000000000000000e+00
5.018258291232974289e-01 4.239832431541958879e-01 0.000000000000000000e+00
4.856521599478472728e-01 2.827106828160896868e-01 0.000000000000000000e+00
4.293567681504768530e-01 3.620831313076827151e-01 0.000000000000000000e+00
4.300346919732839224e-01 4.248663959042311422e-01 0.000000000000000000e+00
3.345036660285965469e-01 1.821100896618782217e-01 0.000000000000000000e+00
3.701063999490133427e-01 3.093235823376879745e-01 0.000000000000000000e+00
1.463507055911105470e-01 3.512698769775601249e-01 0.000000000000000000e+00
0.000000000000000000e+00 2.883185659403489365e-01 0.000000000000000000e+00
3.353429934416412572e-01 2.920289045384839577e-01 0.000000000000000000e+00
4.281625600375041918e-01 2.503925983525778776e-01 0.000000000000000000e+00
2.855788544903008486e-01 3.123606391088705192e-01 0.000000000000000000e+00
3.250638034302652524e-01 3.262695643913972599e-01 0.000000000000000000e+00
4.693928559889649632e-01 2.963168293073855097e-01 0.000000000000000000e+00
3.254991218256531038e-01 3.176984995665525502e-01 0.000000000000000000e+00
3.973227811769242668e-01 1.933660347337042285e-01 0.000000000000000000e+00
3.819351825280093982e-01 4.015921099364078151e-01 0.000000000000000000e+00
2.201938783102684039e-01 1.480273952772743762e-01 0.000000000000000000e+00
4.807203358384674607e-01 3.447495089047122319e-01 0.000000000000000000e+00
2.187035650633829820e-01 3.838980153412854812e-01 0.000000000000000000e+00
3.093819890336713674e-01 3.369591103203618543e-01 0.000000000000000000e+00
3.124772021941784050e-01 1.058451211687743282e-01 0.000000000000000000e+00
2.349516008214526941e-01 4.872396214008731796e-01 0.000000000000000000e+00
3.496511180120530082e-01 3.089643540433341662e-01 0.000000000000000000e+00
4.271410211870108053e-01 3.252417333742363414e-01 0.000000000000000000e+00
2.060060148933640922e-01 2.606908506194136055e-01 0.000000000000000000e+00
2.725188012006487526e-01 4.654584177079284513e-01 0.000000000000000000e+00
5.301966536724004309e-01 4.658765337790196082e-01 0.000000000000000000e+00
3.418669849180593912e-01 4.111085643796208999e-01 0.000000000000000000e+00
3.706727325213017288e-01 3.341078506652866986e-01 0.000000000000000000e+00
2.297371190057030110e-01 2.733146258102708837e-01 0.000000000000000000e+00
2.496686173906088324e-01 3.224457743495817152e-01 0.000000000000000000e+00
3.683811903943525201e-01 4.087432099256819162e-01 0.000000000000000000e+00
3.052801454803681924e-01 4.636630486574194743e-01 0.000000000000000000e+00
3.338704797532782709e-01 4.127499125118846424e-01 0.000000000000000000e+00
3.692867546378042487e-01 3.028790143359764153e-01 0.000000000000000000e+00
2.671588872844829488e-01 2.128751754803868412e-01 0.000000000000000000e+00
2.023452552736397236e-01 4.156728032009854301e-01 0.000000000000000000e+00
2.770404440540016888e-01 2.551919981322183784e-01 0.000000000000000000e+00
4.051824347197887644e-01 2.677618380919650765e-01 0.000000000000000000e+00
3.197731715900430371e-01 3.701319911518556882e-01 0.000000000000000000e+00
3.950019685914788470e-01 4.692170125946262815e-01 0.000000000000000000e+00
3.463014320134860102e-01 2.951648325773375547e-01 0.000000000000000000e+00
4.834717746425717944e-01 3.022859222216656150e-01 0.000000000000000000e+00
2.581861079167795392e-01 2.608138059643745343e-01 0.000000000000000000e+00
4.154047445444490894e-01 3.456598825277354958e-01 0.000000000000000000e+00
1.242437647318354460e-01 4.293594740949638888e-01 0.000000000000000000e+00
2.934681369769820414e-01 3.784756013218617543e-01 0.000000000000000000e+00
3.945035414651517081e-01 3.854643488138052021e-01 0.000000000000000000e+00
4.800128916930754830e-01 4.593184950599408234e-01 0.000000000000000000e+00
3.213769564156580549e-01 4.582421023213746891e-01 0.000000000000000000e+00
2.367015328213175063e-01 2.277815323735661868e-01 0.000000000000000000e+00
3.241160246416207591e-01 3.554920180654493334e-01 0.000000000000000000e+00
4.521567009413098859e-01 5.968133899418769373e-01 0.000000000000000000e+00
1.970977282342489811e-01 4.050100237853436758e-01 0.000000000000000000e+00
2.687573535192304131e-01 4.493963944218914430e-01 0.000000000000000000e+00
3.344081798781771142e-01 2.051153628545963892e-01 0.000000000000000000e+00
4.158041794089419874e-01 2.091693198915126339e-01 0.000000000000000000e+00
3.539978737679760346e-01 2.703443265095588632e-01 0.000000000000000000e+00
4.445704574818970523e-01 3.506438089851259265e-01 0.000000000000000000e+00
2.925517407717857510e-01 2.631299875199842320e-01 0.000000000000000000e+00
3.980956312022203014e-01 4.886738076931753105e-01 0.000000000000000000e+00
1.501534167662564867e-01 3.758977061903188699e-01 0.000000000000000000e+00
4.784147859600988428e-01 3.655026833246948215e-01 0.000000000000000000e+00
3.309715901261456317e-01 5.315797739496277430e-01 0.000000000000000000e+00
2.862568421877701996e-01 3.019166379511641907e-01 0.000000000000000000e+00
2.718873465842216453e-01 2.109327745300962897e-01 0.000000000000000000e+00
4.233395331790735794e-01 3.088607109912240856e-01 0.000000000000000000e+00
2.479635353118672669e-01 4.022349961320121903e-01 0.000000000000000000e+00
1.786965338189825669e-01 3.234132849117072883e-01 0.000000000000000000e+00
3.972444453640798789e-01 1.264847188516100007e-01 0.000000000000000000e+00
3.518827597793087736e-01 3.475268503943705900e-01 0.000000000000000000e+00
5.308593548642236426e-01 5.489314258127768742e-01 0.000000000000000000e+00
2.156651912302399443e-01 4.825965173276342557e-01 0.000000000000000000e+00
3.895988196334833620e-01 2.899061126115330400e-01 0.000000000000000000e+00
1.426477669956540684e-01 1.430889861183765321e-01 0.000000000000000000e+00
4.979515350923108263e-01 2.822797122558796667e-01 0.000000000000000000e+00
8.433714982735752985e-02 5.029198382580267745e-01 0.000000000000000000e+00
4.425343056883073167e-01 2.841430046225484896e-01 0.000000000000000000e+00
1.770389190098309307e-01 1.722893915666136311e-01 0.000000000000000000e+00
1.759904989713522161e-01 2.687751970319041117e-01 0.000000000000000000e+00
4.256254715762924912e-01 3.300361322277191589e-01 0.000000000000000000e+00
4.386035168430751363e-01 3.569233033571181934e-01 0.000000000000000000e+00
3.595095765676465382e-01 5.461718208887080817e-01 0.000000000000000000e+00
5.418377978458608357e-01 1.026738363588739072e-01 0.000000000000000000e+00
3.007425471841004283e-01 2.093070038506354980e-01 0.000000000000000000e+00
2.888271163080908255e-01 3.369249777226376308e-01 0.000000000000000000e+00
1.873008335764319021e-01 2.960384433108767532e-01 0.000000000000000000e+00
3.366516082356122430e-01 4.295739895187148938e-01 0.000000000000000000e+00
3.234479361529865593e-01 5.157498787621910274e-01 0.000000000000000000e+00
5.028635323340076013e-01 3.437401883406575598e-01 0.000000000000000000e+00
2.241137050877354542e-01 1.580580397802935633e-01 0.000000000000000000e+00
3.419127159322766230e-01 2.529965732399722667e-01 0.000000000000000000e+00
4.607500925024494709e-01 3.113307257427223584e-01 0.000000000000000000e+00
3.920968742664809326e-01 2.453698788389919172e-01 0.000000000000000000e+00
2.647381787211300908e-01 4.171083478858766957e-01 0.000000000000000000e+00
4.059300956968965868e-01 3.750681490906068172e-01 0.000000000000000000e+00
3.600440603580437049e-01 5.012194674863733601e-01 0.000000000000000000e+00
6.460347946617589487e-02 2.237947749762637939e-01 0.000000000000000000e+00
2.627840829086708352e-01 1.892851421708717230e-01 0.000000000000000000e+00
3.607470218970276199e-01 2.901055500666105402e-01 0.000000000000000000e+00
1.514674541007501873e-01 3.665796088626382954e-01 0.000000000000000000e+00
4.513826229007492641e-01 3.131068764782720670e-01 0.000000000000000000e+00
4.264027216858365388e-01 4.242252286697566488e-01 0.000000000000000000e+00
4.284099684996636737e-01 5.873720105247953738e-01 0.000000000000000000e+00
2.267657622293546837e-01 2.707675952263429164e-01 0.000000000000000000e+00
3.244717006644110557e-01 3.771422764000434413e-01 0.000000000000000000e+00
3.285428166893550883e-01 1.582582420629304043e-01 0.000000000000000000e+00
5.282153875158110967e-01 4.184071023380179777e-01 0.000000000000000000e+00
2.747095320815390318e-01 4.877537824290913981e-01 0.000000000000000000e+00
4.406874570495365462e-01 4.332605809429043719e-01 0.000000000000000000e+00
2.912342845081253850e-01 2.054443914387421299e-01 0.000000000000000000e+00
2.813160228549982378e-01 3.763021382886839183e-01 0.000000000000000000e+00
2.428773612780539271e-01 3.706737826334428609e-01 0.000000000000000000e+00
2.717917032282640699e-01 3.173738490749744567e-01 0.000000000000000000e+00
3.822593677228669495e-01 2.968557994240849096e-01 0.000000000000000000e+00
3.889686594923506546e-01 3.585143833259054613e-01 0.000000000000000000e+00
3.530143385158934777e-01 4.954030453066342043e-01 0.000000000000000000e+00
2.839506672942569976e-01 3.762852671481814459e-01 0.000000000000000000e+00
3.239466473030823135e-01 3.687702957809012028e-01 0.000000000000000000e+00
2.503675442038293397e-01 2.538385886911747047e-01 0.000000000000000000e+00
4.189886812217494816e-01 3.757293146766691461e-01 0.000000000000000000e+00
2.683066868880195077e-01 3.733721279741665233e-01 0.000000000000000000e+00
3.777903732886237487e-01 5.902536818364818583e-01 0.000000000000000000e+00
3.074283754062233087e-01 2.895694708588452682e-01 0.000000000000000000e+00
3.871962082784422554e-01 4.273737417165786590e-01 0.000000000000000000e+00
3.100114488901004606e-01 9.800903866426653732e-02 0.000000000000000000e+00
2.773559594059029076e-01 2.766059006151529442e-01 0.000000000000000000e+00
4.986000557804145528e-01 4.117251235375667950e-01 0.000000000000000000e+00
1.981826949258192194e-01 1.042563573989160608e-01 0.000000000000000000e+00
2.773680766537997555e-01 1.854133150971840338e-01 0.000000000000000000e+00
3.669140103332809155e-01 4.483224218977695519e-01 0.000000000000000000e+00
4.353126313225558208e-01 3.976729654902421141e-01 0.000000000000000000e+00
2.015071726070495062e-01 3.941554767464713893e-01 0.000000000000000000e+00
2.912305665485980799e-01 2.587788867079732213e-01 0.000000000000000000e+00
4.612566797929308349e-01 2.878903897240369658e-01 0.000000000000000000e+00
3.168955323163767934e-01 4.035075587494036942e-01 0.000000000000000000e+00
3.899077213204196757e-01 2.776021870121722079e-01 0.000000000000000000e+00
4.683791012757387295e-01 4.649792953698361764e-01 0.000000000000000000e+00
2.209316620036554379e-01 2.702117109076255241e-01 0.000000000000000000e+00
2.156833380807262890e-01 3.430292397826512074e-01 0.000000000000000000e+00
2.765932495747822628e-01 2.369111694293352666e-01 0.000000000000000000e+00
1.426026209862918948e-01 3.479758438644259266e-01 0.000000000000000000e+00
3.314477643087098135e-01 3.753144631074613602e-01 0.000000000000000000e+00
1.519258154376239012e-01 1.438879403719735273e-01 0.000000000000000000e+00
2.390857329195870684e-01 4.541068893357215752e-01 0.000000000000000000e+00
3.093539650934399865e-01 3.660072718552643267e-01 0.000000000000000000e+00
4.251204045607471782e-01 3.356486153149838558e-01 0.000000000000000000e+00
2.807883465680721669e-01 4.106088699407281495e-01 0.000000000000000000e+00
5.180866440509522830e-01 2.491200442707721396e-01 0.000000000000000000e+00
2.866074605020896837e-01 1.888037050047864651e-01 0.000000000000000000e+00
3.652508622620685430e-01 3.530558991631320143e-01 0.000000000000000000e+00
4.575316830570549387e-01 5.152068255239047323e-01 0.000000000000000000e+00
2.988031301795669448e-01 3.704957619386420875e-01 0.000000000000000000e+00
3.290992643198323298e-01 4.284307861792969740e-01 0.000000000000000000e+00
4.399076161085497816e-01 4.648305986535598566e-01 0.000000000000000000e+00
4.680523980042791132e-01 3.361818563313853647e-01 0.000000000000000000e+00
2.834760222567968002e-01 2.097681917313418687e-01 0.000000000000000000e+00
4.325656167428667542e-01 4.830549326724195569e-01 0.000000000000000000e+00
3.707379206974342756e-01 2.880653667009631103e-01 0.000000000000000000e+00
2.506289052844128951e-01 4.455564428550545797e-01 0.000000000000000000e+00
1.383645813855960138e-01 3.333016613918390880e-01 0.000000000000000000e+00
4.612709321176162169e-01 2.702493932250433772e-01 0.000000000000000000e+00
3.624822664203011247e-01 2.112617390888941737e-01 0.000000000000000000e+00
4.319916793259590548e-01 4.142107809103516280e-01 0.000000000000000000e+00
3.258961300028236363e-01 2.628771237802946525e-01 0.000000000000000000e+00
5.399302862527936009e-01 5.333906813345496989e-01 0.000000000000000000e+00
3.150869596668733341e-01 3.037805903881742320e-01 0.000000000000000000e+00
4.121608303651698169e-01 1.649410298274854580e-01 0.000000000000000000e+00
2.952718761128524938e-01 2.312536163295978442e-01 0.000000000000000000e+00
4.379299921548738816e-01 3.028979179102178620e-01 0.000000000000000000e+00
4.550793494767361169e-01 3.650116866101563717e-01 0.000000000000000000e+00
4.794219805137394097e-01 3.935497999056093432e-01 0.000000000000000000e+00
2.609271411718541156e-01 1.608748157458936012e-01 0.000000000000000000e+00
3.183613698899318001e-01 4.225834767467100961e-01 0.000000000000000000e+00
4.281500191250768306e-01 3.920024501018552487e-01 0.000000000000000000e+00
1.830737290127120720e-01 4.130094363960082338e-01 0.000000000000000000e+00
3.453601500709047589e-01 4.049959433679189980e-01 0.000000000000000000e+00
5.350557314839221590e-01 3.043620366518935416e-01 0.000000000000000000e+00
4.250295864113454170e-01 3.777580490299852212e-01 0.000000000000000000e+00
4.998934300275257314e-01 4.203738155182805136e-01 0.000000000000000000e+00
2.064284907333297225e-01 4.303736870428115369e-01 0.000000000000000000e+00
4.235410630094262330e-01 3.495668394089244124e-01 0.000000000000000000e+00
3.066995790960172497e-01 2.936071708842486472e-01 0.000000000000000000e+00
2.450774615756659003e-01 2.095521950484434959e-01 0.000000000000000000e+00
2.881998912215887332e-01 1.616753247821139938e-01 0.000000000000000000e+00
4.489755614249673066e-01 3.055815146850174302e-01 0.000000000000000000e+00
8.828946765335453362e-02 3.457426101543010777e-01 0.000000000000000000e+00
3.227952809588623961e-01 3.108816174400204080e-01 0.000000000000000000e+00
4.925818525080310484e-01 3.825077811880047141e-01 0.000000000000000000e+00
3.200200155037180028e-01 2.499959787660231414e-01 0.000000000000000000e+00
4.548716584512747518e-01 4.373121549949867681e-01 0.000000000000000000e+00
3.516126694290405696e-01 4.609124584665167390e-01 0.000000000000000000e+00
2.718391915565200323e-01 4.703346656344970511e-01 0.000000000000000000e+00
3.849475160046453293e-01 3.812515661618553486e-01 0.000000000000000000e+00
5.085897531317825626e-01 4.537987840374604898e-01 0.000000000000000000e+00
3.383914568827586788e-01 3.420989783544637342e-01 0.000000000000000000e+00
1.511738133529043626e-01 2.531286006414392165e-01 0.000000000000000000e+00
2.274116882325442623e-01 4.145577129819905671e-01 0.000000000000000000e+00
3.822050901926706823e-01 1.427261916646719864e-01 0.000000000000000000e+00
2.393282069718720706e-01 2.549535592048655652e-01 0.000000000000000000e+00
2.573531367902613387e-01 3.025460132541328839e-01 0.000000000000000000e+00
1.982169973476164138e-01 3.794295311888811750e-01 0.000000000000000000e+00
4.999517339588234743e-01 5.388535374043504911e-01 0.000000000000000000e+00
4.033281909027974232e-01 4.138088590644188325e-01 0.000000000000000000e+00
3.513201118738953910e-01 2.694887417959700993e-01 0.000000000000000000e+00
3.059487598782803519e-01 3.337122648873802055e-01 0.000000000000000000e+00
4.198263488746426519e-01 3.833898323736695257e-01 0.000000000000000000e+00
3.064492978945994595e-01 4.148184082633723513e-01 0.000000000000000000e+00
2.297878057194101820e-01 2.133260449614138299e-01 0.000000000000000000e+00
2.437761227411632328e-02 3.639919543622009979e-01 0.000000000000000000e+00
4.931329481163212458e-01 3.896675072999527534e-01 0.000000000000000000e+00
3.554283310036672472e-02 3.558474944177423827e-01 0.000000000000000000e+00
2.457652494966421075e-01 2.670162811737969433e-01 0.000000000000000000e+00
2.285853463713439226e-01 4.379583046759906728e-01 0.000000000000000000e+00
3.274225577708884116e-01 2.769141766504759627e-01 0.000000000000000000e+00
4.023348751353795216e-01 2.846604055847211656e-01 0.000000000000000000e+00
3.770540891604220457e-01 4.535307032630734314e-01 0.000000000000000000e+00
3.477462387405088062e-01 3.839629397565009206e-01 0.000000000000000000e+00
1.416012784377749523e-01 2.420838628910002843e-01 0.000000000000000000e+00
5.196429608545758416e-01 3.914444104238036237e-01 0.000000000000000000e+00
4.353351692866196943e-01 5.136307215609726695e-01 0.000000000000000000e+00
4.516962894457110522e-01 5.008198342534276870e-01 0.000000000000000000e+00
2.709541582657311043e-01 3.077250253511014111e-01 0.000000000000000000e+00
4.309834767957629320e-01 4.216587399506792622e-01 0.000000000000000000e+00
8.105138084127681830e-02 3.666781118821383911e-01 0.000000000000000000e+00
1.079738293798530591e-01 2.421069243859163000e-01 0.000000000000000000e+00
2.515216255147869617e-01 3.615352066715104562e-01 0.000000000000000000e+00
4.274324049060052588e-01 3.485966690892479125e-01 0.000000000000000000e+00
3.182996531077033064e-01 4.168040989711940814e-01 0.000000000000000000e+00
2.726546044305943051e-01 3.201601218285342054e-01 0.000000000000000000e+00
2.976602501830631353e-01 3.275418941264584549e-01 0.000000000000000000e+00
3.556756623694187214e-01 3.628364569928977934e-01 0.000000000000000000e+00
1.952570695626612285e-01 2.029797998876790299e-01 0.000000000000000000e+00
3.229382934600293908e-01 2.473976614930420981e-01 0.000000000000000000e+00
2.878393427710859709e-01 3.614490087090302950e-01 0.000000000000000000e+00
4.512456250393341861e-01 2.411497461938045539e-01 0.000000000000000000e+00
3.651198705368342012e-01 2.526934019172958346e-01 0.000000000000000000e+00
4.729791142735390586e-01 3.908353030115909177e-01 0.000000000000000000e+00
5.136732943373951699e-01 3.290251488881718589e-01 0.000000000000000000e+00
3.541513700848722968e-01 3.691405435298409921e-01 0.000000000000000000e+00
4.972875596260054598e-01 5.360671551813059876e-01 0.000000000000000000e+00
2.197531702462463821e-01 3.523765077769721032e-01 0.000000000000000000e+00
4.185213315790862199e-01 4.281327444765888335e-01 0.000000000000000000e+00
3.901865293018214609e-01 3.151733905076030129e-01 0.000000000000000000e+00
3.118608898906666815e-01 4.671888127730677298e-01 0.000000000000000000e+00
3.475945399628295185e-01 2.383205719427879399e-01 0.000000000000000000e+00
3.905668096405813805e-01 3.275555227753275678e-01 0.000000000000000000e+00
3.640905399747596527e-01 5.263946740814763325e-01 0.000000000000000000e+00
1.205949584675497649e-01 2.028149415063723593e-01 0.000000000000000000e+00
3.926929079304518622e-01 3.679902461893775345e-01 0.000000000000000000e+00
