3.729227887451403434e-01 6.359230068345859133e-01 2.000000000000000000e+00
4.879554697725850265e-01 6.986648723754418366e-01 2.000000000000000000e+00
4.423927731267768282e-01 8.137834847979026343e-01 2.000000000000000000e+00
4.084535299693870525e-01 5.635542813150601349e-01 2.000000000000000000e+00
6.512489013471787214e-01 4.683890203273803343e-01 2.000000000000000000e+00
5.098720836991265104e-01 6.625787880123565898e-01 2.000000000000000000e+00
4.742720949222256066e-01 7.152875837186147834e-01 2.000000000000000000e+00
4.983968681510413945e-01 7.293831024095260851e-01 2.000000000000000000e+00
5.677787102044814516e-01 6.636072451197612132e-01 2.000000000000000000e+00
4.668228357531917783e-01 7.747841332772772427e-01 2.000000000000000000e+00
7.018876197813573858e-01 7.607369715416789635e-01 2.000000000000000000e+00
4.488648090344426467e-01 6.618781073750320543e-01 2.000000000000000000e+00
4.356940401439583499e-01 6.034354746976201556e-01 2.000000000000000000e+00
6.630595080979294620e-01 6.632610143632340360e-01 2.000000000000000000e+00
6.312004177618901757e-01 5.715276373222706319e-01 2.000000000000000000e+00
4.282614510266135044e-01 5.172654488689201191e-01 2.000000000000000000e+00
5.431242408697046775e-01 6.475564832612716870e-01 2.000000000000000000e+00
5.659920374584866964e-01 6.635945773814905246e-01 2.000000000000000000e+00
6.081344340196901399e-01 8.144613169110429540e-01 2.000000000000000000e+00
5.997332795756250556e-01 5.083193325013232178e-01 2.000000000000000000e+00
5.231231877715095679e-01 7.624109307594506557e-01 2.000000000000000000e+00
5.209670907054905209e-01 7.068554889882625591e-01 2.000000000000000000e+00
5.163594813960579177e-01 7.150241635743859181e-01 2.000000000000000000e+00
5.289894123111847923e-01 7.107914432806591298e-01 2.000000000000000000e+00
5.307978339637746679e-01 7.500113298969648401e-01 2.000000000000000000e+00
5.276073908239899968e-01 6.298293994978263477e-01 2.000000000000000000e+00
6.360833076913147144e-01 8.552856982399785757e-01 2.000000000000000000e+00
6.611689823856246040e-01 6.625108907107333245e-01 2.000000000000000000e+00
4.625425628608846873e-01 7.691346856111587194e-01 2.000000000000000000e+00
5.275970071250557503e-01 7.531086612650841339e-01 2.000000000000000000e+00
3.586883733460234924e-01 7.620763423633907241e-01 2.000000000000000000e+00
6.580115801036741097e-01 6.247007458875694086e-01 2.000000000000000000e+00
6.616682605934549599e-01 8.627169792867069864e-01 2.000000000000000000e+00
7.138450283192322443e-01 6.765625503613720282e-01 2.000000000000000000e+00
5.522720430889914711e-01 4.603930173732851960e-01 2.000000000000000000e+00
5.497693142844753966e-01 8.205634666519751041e-01 2.000000000000000000e+00
4.477225138761168899e-01 7.457859636048014274e-01 2.000000000000000000e+00
5.460765161460884309e-01 5.956490361342002826e-01 2.000000000000000000e+00
4.621200256918147620e-01 7.068749586901950099e-01 2.000000000000000000e+00
4.197460799652559804e-01 7.371315219371182836e-01 2.000000000000000000e+00
7.739302478908890448e-01 7.444094678545234434e-01 2.000000000000000000e+00
4.637405377258810857e-01 7.909143622230085935e-01 2.000000000000000000e+00
5.426124753929547628e-01 6.741824417341666376e-01 2.000000000000000000e+00
6.065619353495179666e-01 7.402133491149420763e-01 2.000000000000000000e+00
5.260612874351416890e-01 4.909573125225249468e-01 2.000000000000000000e+00
5.550626033475125620e-01 7.906548125007046846e-01 2.000000000000000000e+00
7.681826899240008499e-01 8.230947246288965458e-01 2.000000000000000000e+00
3.886019250161943384e-01 7.180383838474850844e-01 2.000000000000000000e+00
1.919130629659168141e-01 5.120903756520144290e-01 2.000000000000000000e+00
4.876159517866358040e-01 7.938211739774304609e-01 2.000000000000000000e+00
5.645961167209868625e-01 7.252641227428581194e-01 2.000000000000000000e+00
5.499309554446122350e-01 5.549733431267614980e-01 2.000000000000000000e+00
2.514014252145784223e-01 7.794107917987662670e-01 2.000000000000000000e+00
4.311520723234422703e-01 6.377557481015579954e-01 2.000000000000000000e+00
6.309728573739358248e-01 5.554018076859590369e-01 2.000000000000000000e+00
5.443742954929993161e-01 5.628991697460022925e-01 2.000000000000000000e+00
5.663454388144010254e-01 7.981705473827592767e-01 2.000000000000000000e+00
4.791585846846418417e-01 6.094075142128450029e-01 2.000000000000000000e+00
6.826879592544592423e-01 8.067535979621219822e-01 2.000000000000000000e+00
5.081021370560437900e-01 7.813959107372556723e-01 2.000000000000000000e+00
5.744314570027848621e-01 5.163259236415055353e-01 2.000000000000000000e+00
3.705606065591929843e-01 6.908614304444408161e-01 2.000000000000000000e+00
4.857215857171768292e-01 6.901520820604595263e-01 2.000000000000000000e+00
6.250535646971645543e-01 7.726214762328249552e-01 2.000000000000000000e+00
4.778813044622523543e-01 6.005535433469687545e-01 2.000000000000000000e+00
5.810424214274937382e-01 7.041086675622938440e-01 2.000000000000000000e+00
5.859212229782712056e-01 6.536848191666373431e-01 2.000000000000000000e+00
6.460540586968436250e-01 7.624957260736260345e-01 2.000000000000000000e+00
6.063931200250204379e-01 6.218292757211497657e-01 2.000000000000000000e+00
4.011588061875731026e-01 6.123287857684267532e-01 2.000000000000000000e+00
3.606416461878355073e-01 5.850389325977151112e-01 2.000000000000000000e+00
7.186737975739684314e-01 7.187230245182195665e-01 2.000000000000000000e+00
6.320297234054768065e-01 7.862847383757320952e-01 2.000000000000000000e+00
4.123669090763661949e-01 5.347270402062245243e-01 2.000000000000000000e+00
5.625156839595251146e-01 6.979223802564894497e-01 2.000000000000000000e+00
3.880672360267846677e-01 6.016599736838732504e-01 2.000000000000000000e+00
6.577911158081950482e-01 8.501176188551216040e-01 2.000000000000000000e+00
6.641739425385805307e-01 7.218856962329278648e-01 2.000000000000000000e+00
2.691907481858337170e-01 6.787321290404483287e-01 2.000000000000000000e+00
5.238212997068687482e-01 5.701909074355875351e-01 2.000000000000000000e+00
4.783855928705696980e-01 7.587018023310503345e-01 2.000000000000000000e+00
5.792522278047312900e-01 7.997673443509154545e-01 2.000000000000000000e+00
5.543254930815322279e-01 7.535579707074713252e-01 2.000000000000000000e+00
5.777168549879218018e-01 8.236808968502337125e-01 2.000000000000000000e+00
3.779889025620625786e-01 1.000000000000000000e+00 2.000000000000000000e+00
5.794216117271803190e-01 5.687353125059827486e-01 2.000000000000000000e+00
4.162816826341846910e-01 8.802548456831480461e-01 2.000000000000000000e+00
6.855442328261958096e-01 5.801395196461726078e-01 2.000000000000000000e+00
4.965888171684179064e-01 5.625574757462975528e-01 2.000000000000000000e+00
7.370769924894438052e-01 8.828857271759645853e-01 2.000000000000000000e+00
4.701802935252619720e-01 8.525723333984521757e-01 2.000000000000000000e+00
5.312844001910687064e-01 5.889480002300881978e-01 2.000000000000000000e+00
4.626465852028965875e-01 7.814498501068558589e-01 2.000000000000000000e+00
6.942146284929344713e-01 6.046659502043024714e-01 2.000000000000000000e+00
4.694714054758462041e-01 4.287184887284828383e-01 2.000000000000000000e+00
5.433581440383571382e-01 6.458740589559927026e-01 2.000000000000000000e+00
6.681932300217184872e-01 6.391159015121482545e-01 2.000000000000000000e+00
4.881172732802147030e-01 5.447659615278181988e-01 2.000000000000000000e+00
4.970447519475132414e-01 5.872887148014668268e-01 2.000000000000000000e+00
4.596682152501704310e-01 5.357997329415610244e-01 2.000000000000000000e+00
6.858094972964678959e-01 7.735419278690116585e-01 2.000000000000000000e+00
6.010009560559879116e-01 7.750588777511885352e-01 2.000000000000000000e+00
6.905896479861874937e-01 7.659469993642396002e-01 2.000000000000000000e+00
5.090616236261107375e-01 7.245637759675607192e-01 2.000000000000000000e+00
5.830585603881319745e-01 8.058156691210859313e-01 2.000000000000000000e+00
4.585435582073755789e-01 4.939104375599295271e-01 2.000000000000000000e+00
5.048315223459327594e-01 5.070297281262238220e-01 2.000000000000000000e+00
5.135237998731709830e-01 6.183119468970873500e-01 2.000000000000000000e+00
5.749359740554458309e-01 5.077135711553215636e-01 2.000000000000000000e+00
3.488311632869076084e-01 5.252220142329966368e-01 2.000000000000000000e+00
5.755813967427286792e-01 6.631372900640375434e-01 2.000000000000000000e+00
4.890235111705655835e-01 6.566019897323062127e-01 2.000000000000000000e+00
4.878580096852869752e-01 7.233891565435176529e-01 2.000000000000000000e+00
4.874899675211021299e-01 8.071857694068158562e-01 2.000000000000000000e+00
4.793402987403180826e-01 6.101015975543969683e-01 2.000000000000000000e+00
5.468887835567178834e-01 7.024937497634832217e-01 2.000000000000000000e+00
6.372773633439914320e-01 6.890642731166779500e-01 2.000000000000000000e+00
6.763258248779853155e-01 7.520691010781218599e-01 2.000000000000000000e+00
5.505647824513481003e-01 6.635580773725976433e-01 2.000000000000000000e+00
5.141732368084231952e-01 8.497533439056755844e-01 2.000000000000000000e+00
5.934869768486421560e-01 6.548892979942896320e-01 2.000000000000000000e+00
5.228245073664934406e-01 6.052016438644668428e-01 2.000000000000000000e+00
3.921155301845380969e-01 9.380600833581439479e-01 2.000000000000000000e+00
4.914758313910331244e-01 5.941931015742959454e-01 2.000000000000000000e+00
3.559831328497640723e-01 6.191628287498527339e-01 2.000000000000000000e+00
5.167304952695440656e-01 7.253899716036548151e-01 2.000000000000000000e+00
5.650170896856118175e-01 5.684362782396271685e-01 2.000000000000000000e+00
4.934674061634748976e-01 7.557148421270558636e-01 2.000000000000000000e+00
3.694934830633554990e-01 5.582098715772162434e-01 2.000000000000000000e+00
2.700434045132388272e-01 4.844136332858808847e-01 2.000000000000000000e+00
6.195906279036534903e-01 7.105930301959988427e-01 2.000000000000000000e+00
5.285123832802760546e-01 7.825023435812720196e-01 2.000000000000000000e+00
6.169323876320725875e-01 7.867872356863354621e-01 2.000000000000000000e+00
4.310808206624675010e-01 7.036935004410233008e-01 2.000000000000000000e+00
4.702895939231687694e-01 5.650266977855559203e-01 2.000000000000000000e+00
4.213696193091497899e-01 6.209783696363629923e-01 2.000000000000000000e+00
5.179420799896768957e-01 6.790214324861012507e-01 2.000000000000000000e+00
4.973794713741724327e-01 7.373985692891201760e-01 2.000000000000000000e+00
5.488855313701723748e-01 6.751107743059241439e-01 2.000000000000000000e+00
4.453059138166408082e-01 6.707539280876188004e-01 2.000000000000000000e+00
5.913142811865542692e-01 6.212631225546546565e-01 2.000000000000000000e+00
5.685883841895166269e-01 6.148013913611222181e-01 2.000000000000000000e+00
4.429883676356933808e-01 7.799442981884805448e-01 2.000000000000000000e+00
6.221598813429835007e-01 5.072222327774483785e-01 2.000000000000000000e+00
5.518725851556651740e-01 5.373983616086792647e-01 2.000000000000000000e+00
3.809913377919022515e-01 5.089234127965654997e-01 2.000000000000000000e+00
6.284535732679193965e-01 8.658965338159168024e-01 2.000000000000000000e+00
4.449040790188306116e-01 5.325726490241852185e-01 2.000000000000000000e+00
4.883516547001232055e-01 6.631221559036821755e-01 2.000000000000000000e+00
6.694713198977524371e-01 5.224249485408245519e-01 2.000000000000000000e+00
5.854215893531864445e-01 7.256679892254151998e-01 2.000000000000000000e+00
6.446913284265768374e-01 7.201367763433415004e-01 2.000000000000000000e+00
5.392980724096787526e-01 5.884764972297568120e-01 2.000000000000000000e+00
6.295983285289450393e-01 7.126262415520323579e-01 2.000000000000000000e+00
4.189726902355662697e-01 7.249309260223939511e-01 2.000000000000000000e+00
6.665850428734454436e-01 9.596654290835643364e-01 2.000000000000000000e+00
2.855643538174332807e-01 5.437160669384206724e-01 2.000000000000000000e+00
3.494686218288623469e-01 4.417059838985980535e-01 2.000000000000000000e+00
6.530985858686521039e-01 6.759193730581514181e-01 2.000000000000000000e+00
4.312460384562991078e-01 6.928437139183207805e-01 2.000000000000000000e+00
5.487419045983611410e-01 7.500188950858330816e-01 2.000000000000000000e+00
7.248821558842705182e-01 6.827296626968998305e-01 2.000000000000000000e+00
2.770226787860384232e-01 4.933814846808173837e-01 2.000000000000000000e+00
6.850739524460491836e-01 7.710643777326967596e-01 2.000000000000000000e+00
3.822352139789147452e-01 6.387819370691726339e-01 2.000000000000000000e+00
4.490950812463215813e-01 6.747666626313227889e-01 2.000000000000000000e+00
5.052775945247777178e-01 5.355148752514173882e-01 2.000000000000000000e+00
5.193080886616893155e-01 8.501634743969656016e-01 2.000000000000000000e+00
7.175884375954635352e-01 8.834028810052219072e-01 2.000000000000000000e+00
5.539606683617108729e-01 8.828258052496563701e-01 2.000000000000000000e+00
6.391408119366126517e-01 7.632865498245923197e-01 2.000000000000000000e+00
6.078902216947046355e-01 7.858293920725034631e-01 2.000000000000000000e+00
4.165621203815331741e-01 7.078469786835051014e-01 2.000000000000000000e+00
5.304542044969086101e-01 7.118012195987425406e-01 2.000000000000000000e+00
6.106857179845520678e-01 8.444183794401628473e-01 2.000000000000000000e+00
2.562358345597510190e-01 5.902810081749200188e-01 2.000000000000000000e+00
5.819425655648344797e-01 5.204485213867220406e-01 2.000000000000000000e+00
5.965375056397396181e-01 5.181006747970817727e-01 2.000000000000000000e+00
7.252338683831883737e-01 6.124173316578084281e-01 2.000000000000000000e+00
5.215283650537243521e-01 8.676803851897442188e-01 2.000000000000000000e+00
5.358978356383884423e-01 8.542468416973074685e-01 2.000000000000000000e+00
4.869352999619904754e-01 6.328050478888866959e-01 2.000000000000000000e+00
5.792445835531837561e-01 6.196076970630415293e-01 2.000000000000000000e+00
5.726721267228011003e-01 8.948190781304513619e-01 2.000000000000000000e+00
5.486055892111507681e-01 7.402521382379083636e-01 2.000000000000000000e+00
4.656192586671952238e-01 6.306871663141744300e-01 2.000000000000000000e+00
6.305935502353303690e-01 4.971211338311516958e-01 2.000000000000000000e+00
5.566645684425004514e-01 6.668129339907651332e-01 2.000000000000000000e+00
4.683162477977600990e-01 8.494190444256144445e-01 2.000000000000000000e+00
4.294436933927439637e-01 8.152515689285816380e-01 2.000000000000000000e+00
6.395222545419653182e-01 8.097949880553806379e-01 2.000000000000000000e+00
4.705740220324947654e-01 6.131274966301752949e-01 2.000000000000000000e+00
5.847773841701727759e-01 8.775302523014544276e-01 2.000000000000000000e+00
5.526357127081196197e-01 6.113362630169619782e-01 2.000000000000000000e+00
4.831072132850674494e-01 6.591347189954924746e-01 2.000000000000000000e+00
2.650437175162249082e-01 3.268436218924864467e-01 1.000000000000000000e+00
4.310313115700098452e-01 5.345563572960013721e-01 1.000000000000000000e+00
5.024056259808729052e-01 3.038312345226973354e-01 1.000000000000000000e+00
6.927394210540005481e-01 4.218996460103183188e-01 1.000000000000000000e+00
4.314533005568721991e-01 3.142255409977498526e-01 1.000000000000000000e+00
3.684474053749843270e-01 4.267502309715733300e-01 1.000000000000000000e+00
3.604931914743051968e-01 5.625072265682140582e-01 1.000000000000000000e+00
5.527292402108272551e-01 5.329608844310631532e-01 1.000000000000000000e+00
4.391702971323793725e-01 3.893285795235064684e-01 1.000000000000000000e+00
5.318315196679398449e-01 5.239986162768112132e-01 1.000000000000000000e+00
4.903102749893607504e-01 5.105123668070565834e-01 1.000000000000000000e+00
4.979055950070444547e-01 5.142662248262377389e-01 1.000000000000000000e+00
5.372859858633145524e-01 3.209225755125076907e-01 1.000000000000000000e+00
5.848597969233448879e-01 4.417000398293079999e-01 1.000000000000000000e+00
4.681052227835285628e-01 4.672104643815019331e-01 1.000000000000000000e+00
5.499113221347110558e-01 7.321179786141163159e-01 1.000000000000000000e+00
4.466239655381897267e-01 5.920610543409876581e-01 1.000000000000000000e+00
2.858470969830212427e-01 4.281606148411574164e-01 1.000000000000000000e+00
6.646948106180892157e-01 3.785955619229363633e-01 1.000000000000000000e+00
6.098211768177130843e-01 6.884771667427627140e-01 1.000000000000000000e+00
4.573354332286017065e-01 2.794240284002069141e-01 1.000000000000000000e+00
6.242326448277377704e-01 3.771808594524949654e-01 1.000000000000000000e+00
4.684645334391475124e-01 4.205220904262301218e-01 1.000000000000000000e+00
5.545070516584700293e-01 5.247880669966935585e-01 1.000000000000000000e+00
2.426329488414015745e-01 5.812579625447992226e-01 1.000000000000000000e+00
3.611241793709184522e-01 3.666571084315151663e-01 1.000000000000000000e+00
4.582534573727170546e-01 5.137755665451583242e-01 1.000000000000000000e+00
3.423585444980113968e-01 3.924203368519364465e-01 1.000000000000000000e+00
4.105216082904482033e-01 3.261867288121651498e-01 1.000000000000000000e+00
6.382639657496356200e-01 4.061848702025364632e-01 1.000000000000000000e+00
5.963714001348633387e-01 5.553588915164320294e-01 1.000000000000000000e+00
3.755712865629291519e-01 5.065180169053857817e-01 1.000000000000000000e+00
5.320627271410971471e-01 3.801582020856048016e-01 1.000000000000000000e+00
5.401188934019283128e-01 4.532581794708800960e-01 1.000000000000000000e+00
4.576520889174636175e-01 6.093790729914696502e-01 1.000000000000000000e+00
4.786067461447248705e-01 5.181550576226243709e-01 1.000000000000000000e+00
3.727477584357633544e-01 4.506505943277840931e-01 1.000000000000000000e+00
2.744400287513334979e-01 4.123043069409707551e-01 1.000000000000000000e+00
5.097382020644374290e-01 5.047376118958324387e-01 1.000000000000000000e+00
3.226177585267603343e-01 5.126923120603432693e-01 1.000000000000000000e+00
3.764253177423436125e-01 5.269913503124299403e-01 1.000000000000000000e+00
6.006105550559431849e-01 4.604584584633069633e-01 1.000000000000000000e+00
5.715947989094888326e-01 4.016287662221943999e-01 1.000000000000000000e+00
5.140948470807611415e-01 4.784927971608490815e-01 1.000000000000000000e+00
4.307789867214211199e-01 5.388140867320628802e-01 1.000000000000000000e+00
5.157916044258581412e-01 5.192807568267474583e-01 1.000000000000000000e+00
4.167845813817410705e-01 4.895982123135304009e-01 1.000000000000000000e+00
5.588952457686429121e-01 5.178993587983709013e-01 1.000000000000000000e+00
3.358761084418438458e-01 3.599196157806408003e-01 1.000000000000000000e+00
3.569807292704265111e-01 5.183939047270444966e-01 1.000000000000000000e+00
3.719393232078119782e-01 4.277844541420516844e-01 1.000000000000000000e+00
2.465060073009658625e-01 3.928229247466036300e-01 1.000000000000000000e+00
3.821016116632711679e-01 2.339931496616206030e-01 1.000000000000000000e+00
3.327471436801503479e-01 3.781004323187335814e-01 1.000000000000000000e+00
3.377729063824190248e-01 4.838807520172082044e-01 1.000000000000000000e+00
3.013041210408058945e-01 2.519258388262329840e-01 1.000000000000000000e+00
5.799824765323619014e-01 6.443480019963105931e-01 1.000000000000000000e+00
4.025421549486016271e-01 5.501176771666826948e-01 1.000000000000000000e+00
3.865357970656682629e-01 6.451545303221914995e-01 1.000000000000000000e+00
2.757626695055448440e-01 4.874563588116503365e-01 1.000000000000000000e+00
4.654519196614754772e-01 1.635820500375438358e-01 1.000000000000000000e+00
4.906497646070288599e-01 3.169141243505425032e-01 1.000000000000000000e+00
4.701349706101422554e-01 4.538024694372222445e-01 1.000000000000000000e+00
3.979603917320093109e-01 3.879696430610342639e-01 1.000000000000000000e+00
2.327409699987024738e-01 5.409035756578358667e-01 1.000000000000000000e+00
4.925766476825096385e-01 5.854291205714851065e-01 1.000000000000000000e+00
5.815484448311690757e-01 5.173533414289560595e-01 1.000000000000000000e+00
5.234924909483775757e-01 5.360710985686363284e-01 1.000000000000000000e+00
3.007467218525848307e-01 4.292101822066749506e-01 1.000000000000000000e+00
5.885964600372591837e-01 4.659924951329265652e-01 1.000000000000000000e+00
4.360961518288714589e-01 3.750962504088973803e-01 1.000000000000000000e+00
2.525428285405653117e-01 4.059261114081104682e-01 1.000000000000000000e+00
5.928682995497015495e-01 5.879125440398352831e-01 1.000000000000000000e+00
4.937448360530745650e-01 3.642493435583450956e-01 1.000000000000000000e+00
4.397373056091303800e-01 3.775918054416312897e-01 1.000000000000000000e+00
3.514857060464640082e-01 6.044253661896457075e-01 1.000000000000000000e+00
4.634362290501294335e-01 3.634908663641594484e-01 1.000000000000000000e+00
4.561619193165024067e-01 4.994081948212593658e-01 1.000000000000000000e+00
5.294027139809435178e-01 6.353141117420961770e-01 1.000000000000000000e+00
5.165297349335690180e-01 2.783187931990222519e-01 1.000000000000000000e+00
1.009834619201908229e-01 2.811363618140517717e-01 1.000000000000000000e+00
5.182831471839706161e-01 6.289687512925918877e-01 1.000000000000000000e+00
4.729379869691585081e-01 3.527178608788907321e-01 1.000000000000000000e+00
5.301134515956381632e-01 5.305746751958577700e-01 1.000000000000000000e+00
4.405081723282141537e-01 5.126000628936739911e-01 1.000000000000000000e+00
5.798701148638266689e-01 3.530991255011393104e-01 1.000000000000000000e+00
4.241141109080855398e-01 4.280959564294717357e-01 1.000000000000000000e+00
5.252087400948544094e-01 2.855570729272201014e-01 1.000000000000000000e+00
4.384554987863878428e-01 4.982237331269081526e-01 1.000000000000000000e+00
2.436828367188544897e-01 3.364609328223344131e-01 1.000000000000000000e+00
5.275264589913561952e-01 5.887546479470510130e-01 1.000000000000000000e+00
2.967590299803012366e-01 5.267341212429161867e-01 1.000000000000000000e+00
3.231397829352140039e-01 5.437108748184528162e-01 1.000000000000000000e+00
3.430125281210488208e-01 4.082141900585132821e-01 1.000000000000000000e+00
5.666373044798342917e-01 3.539013013427855792e-01 1.000000000000000000e+00
3.958381070318799377e-01 2.693498929863923363e-01 1.000000000000000000e+00
3.290987111176297275e-01 4.895839248423417001e-01 1.000000000000000000e+00
5.516584871431052806e-01 4.730459655142912334e-01 1.000000000000000000e+00
4.929685022690251106e-01 5.028540892617441305e-01 1.000000000000000000e+00
3.820475298477520321e-01 4.982831884208858142e-01 1.000000000000000000e+00
4.341363595756263516e-01 3.555307862422887877e-01 1.000000000000000000e+00
4.038334397550089605e-01 3.868754124988150744e-01 1.000000000000000000e+00
4.244826939223496076e-01 2.228689254426557131e-01 1.000000000000000000e+00
4.364839007074274857e-01 4.699682680732977791e-01 1.000000000000000000e+00
5.414933301029933865e-01 5.120286107097770101e-01 1.000000000000000000e+00
3.741448905416782100e-01 3.309037009885479330e-01 1.000000000000000000e+00
3.302542846880179295e-01 3.267931408943400284e-01 1.000000000000000000e+00
4.071535594899557409e-01 3.631604181061344749e-01 1.000000000000000000e+00
4.421931774336050891e-01 3.390231810181640326e-01 1.000000000000000000e+00
4.784685815452158764e-01 3.667007022839633978e-01 1.000000000000000000e+00
4.984958720237260277e-01 5.072567171020827548e-01 1.000000000000000000e+00
7.227810800284247827e-01 4.783174447315630129e-01 1.000000000000000000e+00
3.309311933593235833e-01 6.078858965525664182e-01 1.000000000000000000e+00
3.859268590958616629e-01 5.165863039881892771e-01 1.000000000000000000e+00
5.555181778021359706e-01 4.095866939821491415e-01 1.000000000000000000e+00
3.686417006641053984e-01 4.755605628080686320e-01 1.000000000000000000e+00
6.114030059781209170e-01 7.079805152658722456e-01 1.000000000000000000e+00
5.372667659886333213e-01 5.319257907100075622e-01 1.000000000000000000e+00
3.331686418907212066e-01 3.695630015735739127e-01 1.000000000000000000e+00
5.020136117936405684e-01 2.955475666814935121e-01 1.000000000000000000e+00
3.163928941586596211e-01 3.836268778576741867e-01 1.000000000000000000e+00
3.701711292460178049e-01 3.949883452530877359e-01 1.000000000000000000e+00
5.623306621563363139e-01 7.455385378697569898e-01 1.000000000000000000e+00
4.722449626310273318e-01 3.676381296565933154e-01 1.000000000000000000e+00
6.313827478491568224e-01 5.183858436679669168e-01 1.000000000000000000e+00
4.601483813580684590e-01 6.681487852913727821e-01 1.000000000000000000e+00
4.950279384539434391e-01 3.794202107285814529e-01 1.000000000000000000e+00
6.656659141413167058e-01 3.592076253044193535e-01 1.000000000000000000e+00
3.847276598984137874e-01 5.999131474513378359e-01 1.000000000000000000e+00
5.486133523902325670e-01 4.518472625028250866e-01 1.000000000000000000e+00
3.774720675704446582e-01 5.369326177097216712e-01 1.000000000000000000e+00
3.893395379758315955e-01 5.178829849086159509e-01 1.000000000000000000e+00
5.464010425342027411e-01 3.588156397849243673e-01 1.000000000000000000e+00
3.462749364879607050e-01 3.155506352643473456e-01 1.000000000000000000e+00
4.742977746629767344e-01 1.709322322598301747e-01 1.000000000000000000e+00
5.335829011663394406e-01 5.710515436253036370e-01 1.000000000000000000e+00
3.847550372777360783e-01 4.378419184528774544e-01 1.000000000000000000e+00
3.546187092512811945e-01 2.304425663293940552e-01 1.000000000000000000e+00
8.004093416198899691e-01 4.642964891890799528e-01 1.000000000000000000e+00
3.827876245586229187e-01 4.127202080336082046e-01 1.000000000000000000e+00
5.145888918521399624e-01 3.944085855295693110e-01 1.000000000000000000e+00
3.031053188770844176e-01 6.148764269748384637e-01 1.000000000000000000e+00
3.703397154467605312e-01 5.202620007224396659e-01 1.000000000000000000e+00
4.536855071320374244e-01 5.078628773341035130e-01 1.000000000000000000e+00
3.409859094311089578e-01 2.286387959219889077e-01 1.000000000000000000e+00
5.051840566482193040e-01 3.947862063726716997e-01 1.000000000000000000e+00
1.953484281153461677e-01 2.741618433317064008e-01 1.000000000000000000e+00
4.239232661340549546e-01 4.386351099577979751e-01 1.000000000000000000e+00
6.099832925192686384e-01 6.109968935875834672e-01 1.000000000000000000e+00
5.717091992626255337e-01 4.007940477442449301e-01 1.000000000000000000e+00
4.021994501179375070e-01 4.942864335081406657e-01 1.000000000000000000e+00
5.020483920996351435e-01 2.510859086027851794e-01 1.000000000000000000e+00
4.014168417689564228e-01 4.037919712868823785e-01 1.000000000000000000e+00
3.508560409410083070e-01 4.629879462393770573e-01 1.000000000000000000e+00
5.155479588608150587e-01 5.352138449774435092e-01 1.000000000000000000e+00
6.028118547079878153e-01 3.333612700753279534e-01 1.000000000000000000e+00
4.639366840544284498e-01 4.258945018399393767e-01 1.000000000000000000e+00
4.274059954985105492e-01 4.964186351568371514e-01 1.000000000000000000e+00
5.131502842450741397e-01 5.434998059844837748e-01 1.000000000000000000e+00
4.229632325846119367e-01 5.806087832082285072e-01 1.000000000000000000e+00
5.259146336172475511e-01 3.994483463967956061e-01 1.000000000000000000e+00
5.232968192429893195e-01 5.086426355641610053e-01 1.000000000000000000e+00
6.310971652224076633e-01 4.364080552934619384e-01 1.000000000000000000e+00
2.264722774044466702e-01 3.589463577349258916e-01 1.000000000000000000e+00
6.217343473754866068e-01 5.236950036128903418e-01 1.000000000000000000e+00
4.027332049346154519e-01 4.564214030671910338e-01 1.000000000000000000e+00
4.255097857965493557e-01 4.497150852564047452e-01 1.000000000000000000e+00
3.953958115519337069e-01 3.541253422150749675e-01 1.000000000000000000e+00
5.273902348141970009e-01 4.322432489230368380e-01 1.000000000000000000e+00
4.152813470893879089e-01 4.621586835200706123e-01 1.000000000000000000e+00
6.451776596459536384e-01 4.189075077016061188e-01 1.000000000000000000e+00
6.571874277609064396e-01 5.097618965103108968e-01 1.000000000000000000e+00
4.211907553133293902e-01 3.970389825692021701e-01 1.000000000000000000e+00
3.944370885473693633e-01 3.411495070920638750e-01 1.000000000000000000e+00
4.602900764801831079e-01 4.534961866859058555e-01 1.000000000000000000e+00
5.323862105484423735e-01 5.212490390145742003e-01 1.000000000000000000e+00
5.210706996155309856e-01 3.034450171140488095e-01 1.000000000000000000e+00
5.631160977620012220e-01 3.858539484971301725e-01 1.000000000000000000e+00
4.976811918179501193e-01 5.868458562743127382e-01 1.000000000000000000e+00
5.213235388312722485e-01 4.536808098965872671e-01 1.000000000000000000e+00
5.114661996986645809e-01 6.582352471461749843e-01 1.000000000000000000e+00
3.363310393125019115e-01 3.746336733533732199e-01 1.000000000000000000e+00
3.172590650665042533e-01 5.143138914233698067e-01 1.000000000000000000e+00
3.829727573127887919e-01 3.901884326907595901e-01 1.000000000000000000e+00
4.849680163400547639e-01 3.508509077450867042e-01 1.000000000000000000e+00
3.701943282344682395e-01 5.368392518899763877e-01 1.000000000000000000e+00
3.181254898465207259e-01 5.193809428626434688e-01 1.000000000000000000e+00
4.659922944687120427e-01 5.306606240328791690e-01 1.000000000000000000e+00
3.772708052324634243e-01 4.018131277403919066e-01 1.000000000000000000e+00
4.014629897523098179e-01 2.613243876878262872e-01 1.000000000000000000e+00
4.054162389809745082e-01 4.854058593070645355e-01 1.000000000000000000e+00
4.789926732387110864e-01 3.900779304266246417e-01 1.000000000000000000e+00
5.609987086158537695e-01 5.667789275537323812e-01 1.000000000000000000e+00
5.073779624078296191e-01 4.348344177954054368e-01 1.000000000000000000e+00
3.906173644891726138e-01 3.539215710594359465e-01 1.000000000000000000e+00
4.458261733623113954e-01 3.616804269638399516e-01 1.000000000000000000e+00
3.971577267736641770e-01 3.992778550356034795e-01 1.000000000000000000e+00
4.245078145043368889e-01 1.863028720643368774e-01 1.000000000000000000e+00
4.240234479877507678e-01 4.252365379201124562e-01 1.000000000000000000e+00
4.301028777598632780e-01 3.675137494662009119e-01 1.000000000000000000e+00
3.180884001230958602e-01 4.191156747321964637e-01 1.000000000000000000e+00
4.126850575785441788e-01 6.257586994030771566e-01 1.000000000000000000e+00
5.190676555299973405e-01 5.981167304561201270e-01 1.000000000000000000e+00
2.228256629188533899e-01 2.920149582609128380e-01 1.000000000000000000e+00
4.682888521088684475e-01 5.020702686571595352e-01 1.000000000000000000e+00
6.144188712249410989e-01 2.978805976906954700e-01 1.000000000000000000e+00
4.535677922811531815e-01 4.716260246823325009e-01 1.000000000000000000e+00
5.187740728605300111e-01 3.758543262594655765e-01 1.000000000000000000e+00
5.083212938583394624e-01 3.105232101299250647e-01 1.000000000000000000e+00
5.171565657328552890e-01 3.418359401523874408e-01 1.000000000000000000e+00
4.327960595348255279e-01 5.299417004237197970e-01 1.000000000000000000e+00
4.050516061494356390e-01 5.867076741539343221e-01 1.000000000000000000e+00
5.315067741643091370e-01 4.977768080369219250e-01 1.000000000000000000e+00
3.409228915535004734e-01 3.731788890630814981e-01 1.000000000000000000e+00
5.341784364331841894e-01 7.120494960521476235e-01 1.000000000000000000e+00
2.491585348275911216e-01 3.442521186991544524e-01 1.000000000000000000e+00
6.384089054360481130e-01 6.476351827713395792e-01 1.000000000000000000e+00
6.262842366488069468e-01 4.374201953167032864e-01 1.000000000000000000e+00
3.154056682270184320e-01 4.959274706985229431e-01 1.000000000000000000e+00
5.553674921376662299e-01 3.932493540426091339e-01 1.000000000000000000e+00
4.566352971489412438e-01 6.240556188484783773e-01 1.000000000000000000e+00
6.681005883671862211e-01 3.923273104967019420e-01 1.000000000000000000e+00
3.330384833234589226e-01 3.574504788558590662e-01 1.000000000000000000e+00
3.417920722661106359e-01 2.920937159646658787e-01 1.000000000000000000e+00
3.127555731190030386e-01 5.074260636726147800e-01 1.000000000000000000e+00
4.409733828141269574e-01 4.497143042799419677e-01 1.000000000000000000e+00
3.196008324907514964e-01 5.787509338719920571e-01 1.000000000000000000e+00
4.173438322096182373e-01 3.718918080809763271e-01 1.000000000000000000e+00
5.366820999619678068e-01 5.145588038168990019e-01 1.000000000000000000e+00
4.298305304058264165e-01 4.488239294368731591e-01 1.000000000000000000e+00
6.148906368969907499e-01 6.115305087525381156e-01 1.000000000000000000e+00
2.829438693133331517e-01 3.634024607313888211e-01 1.000000000000000000e+00
3.908127153972548173e-01 4.102688906722300466e-01 1.000000000000000000e+00
3.420061364421400629e-01 3.615881261418233406e-01 1.000000000000000000e+00
3.746489548663729519e-01 2.963357090374759695e-01 1.000000000000000000e+00
3.465343450339256060e-01 4.188148851918168103e-01 1.000000000000000000e+00
7.167081094570472155e-01 5.935201889371182205e-01 1.000000000000000000e+00
6.286348559178037698e-01 4.928059878383588832e-01 1.000000000000000000e+00
6.122452965144041803e-01 5.946491807771174809e-01 1.000000000000000000e+00
4.856014999759526996e-01 5.809687695691775344e-01 1.000000000000000000e+00
5.024833659519870599e-01 5.346500018807862631e-01 1.000000000000000000e+00
2.479910644997772307e-01 4.176256509637029102e-01 1.000000000000000000e+00
5.456014993321772755e-01 4.780977521623289150e-01 1.000000000000000000e+00
3.572414992010981560e-01 5.463782693269214619e-01 1.000000000000000000e+00
3.079380190214611179e-01 4.531054777433731751e-01 1.000000000000000000e+00
3.900662663107350436e-01 3.172850598285266721e-01 1.000000000000000000e+00
5.947886554173574813e-01 7.251170387031972142e-01 1.000000000000000000e+00
4.260951137855162330e-01 3.773243993792597673e-01 1.000000000000000000e+00
7.210324250519908329e-01 5.324985219308404627e-01 1.000000000000000000e+00
4.626314424832597139e-01 4.393904429774792564e-01 1.000000000000000000e+00
4.868359779114241892e-01 5.246748435636738872e-01 1.000000000000000000e+00
3.282349196562157623e-01 3.871478595308928683e-01 1.000000000000000000e+00
4.449134670711837325e-01 5.113676394024972982e-01 1.000000000000000000e+00
5.131596349239503363e-01 5.894091245964100390e-01 1.000000000000000000e+00
7.334727997270632516e-01 5.526928720929139560e-01 1.000000000000000000e+00
2.676120244775552770e-01 3.305895165264920998e-01 1.000000000000000000e+00
4.102865229389904833e-01 4.179188921722883920e-01 1.000000000000000000e+00
3.328641210999815359e-01 3.550119304095914474e-01 1.000000000000000000e+00
4.334298525934381363e-01 4.963121844484240652e-01 1.000000000000000000e+00
3.745012972594397027e-01 5.543262024835236002e-01 1.000000000000000000e+00
3.762392905827963707e-01 4.670335758282492811e-01 1.000000000000000000e+00
6.782712378480775239e-01 5.099859578333272303e-01 1.000000000000000000e+00
4.174728670685367571e-01 2.851435152762059055e-01 1.000000000000000000e+00
3.589195267725733274e-01 4.270129848899015257e-01 1.000000000000000000e+00
4.855365022005676545e-01 6.263470909540651554e-01 1.000000000000000000e+00
5.088023974641125990e-01 3.839106074278550995e-01 1.000000000000000000e+00
2.756004884864383664e-01 6.313572485377164645e-01 1.000000000000000000e+00
4.818995012413710421e-01 3.445686744862253015e-01 1.000000000000000000e+00
3.997943281933182269e-01 5.456122961612580591e-01 1.000000000000000000e+00
5.388103934838347486e-01 4.699889917710847187e-01 1.000000000000000000e+00
3.964718368399126613e-01 3.983575776809746283e-01 1.000000000000000000e+00
4.695849190248312377e-01 4.281218653053268097e-01 1.000000000000000000e+00
3.941723567308474396e-01 2.082616432827108233e-01 1.000000000000000000e+00
4.250524224216834512e-01 3.094271217276703401e-01 1.000000000000000000e+00
4.693391458739605282e-01 2.742473005328230351e-01 1.000000000000000000e+00
4.565811842953261257e-01 4.865993467920922688e-01 1.000000000000000000e+00
3.452734637226927972e-01 6.215443022919079352e-01 1.000000000000000000e+00
5.056136102935750998e-01 4.094154545177119964e-01 1.000000000000000000e+00
3.955814781028768601e-01 4.613121696153223983e-01 1.000000000000000000e+00
3.330727774223426474e-01 5.757031600266819815e-01 1.000000000000000000e+00
4.889178200656064122e-01 4.061942896711245865e-01 1.000000000000000000e+00
4.259966389425643429e-01 6.154444780992542885e-01 1.000000000000000000e+00
4.082937921236202694e-01 5.057937513105440486e-01 1.000000000000000000e+00
4.984673322979545351e-01 4.017273962877513371e-01 1.000000000000000000e+00
3.626668311153178337e-01 2.809380495659997146e-01 1.000000000000000000e+00
5.077006005019593093e-01 3.354516372017806169e-01 1.000000000000000000e+00
3.307771325379875726e-01 4.769618142873368050e-01 1.000000000000000000e+00
5.772600664203527687e-01 5.971176268863849224e-01 1.000000000000000000e+00
5.520877046789867126e-01 5.006509970356334271e-01 1.000000000000000000e+00
3.807039708693219504e-01 5.839405394019959727e-01 1.000000000000000000e+00
4.633389485039150490e-01 4.182625372069608827e-01 1.000000000000000000e+00
2.438670705923417503e-01 4.535582694726389419e-01 1.000000000000000000e+00
2.973929303946827307e-01 3.627200885168217481e-01 1.000000000000000000e+00
3.872068082872560102e-01 4.698534925780974980e-01 1.000000000000000000e+00
4.372718123314995875e-01 5.646563277606897469e-01 1.000000000000000000e+00
4.792384653363599423e-01 3.777891944986744854e-01 1.000000000000000000e+00
2.078184214811322206e-01 3.067150695176059094e-01 1.000000000000000000e+00
5.220173947172391804e-01 5.715244533607627409e-01 1.000000000000000000e+00
5.471955323266590732e-01 2.653028972437061483e-01 1.000000000000000000e+00
4.663934252997835039e-01 4.999514663185201102e-01 1.000000000000000000e+00
4.498390458462738217e-01 3.861417236339844683e-01 1.000000000000000000e+00
5.791231320444765185e-01 5.045221689949599408e-01 1.000000000000000000e+00
3.801952200030757067e-01 4.272826939474843044e-01 1.000000000000000000e+00
5.266105050521351361e-01 4.662530038027101753e-01 1.000000000000000000e+00
5.430338438775661469e-01 4.683243918710803255e-01 1.000000000000000000e+00
4.272311224702126098e-01 4.412236403555259145e-01 1.000000000000000000e+00
4.297984000643710889e-01 4.973390464073439987e-01 1.000000000000000000e+00
4.592412655730750970e-01 5.469051385837192525e-01 1.000000000000000000e+00
4.765540880908405996e-01 3.262050341291022892e-01 1.000000000000000000e+00
3.997248305555631820e-01 5.143857992343586760e-01 1.000000000000000000e+00
4.728606703726509486e-01 4.203255663346073256e-01 1.000000000000000000e+00
2.669789555417503846e-01 4.165191219406113587e-01 1.000000000000000000e+00
1.890108275318382880e-01 5.388506070409928572e-01 1.000000000000000000e+00
2.317097265655364002e-01 4.712518913927755126e-01 1.000000000000000000e+00
5.839343512640657874e-01 3.782490627347186440e-01 1.000000000000000000e+00
3.752248820351576364e-01 6.046632736232262495e-01 1.000000000000000000e+00
4.737913770236834021e-01 5.803025757780191363e-01 1.000000000000000000e+00
3.644456197774865180e-01 5.172999964150857277e-01 1.000000000000000000e+00
7.037152749824678866e-01 4.732333579985848471e-01 1.000000000000000000e+00
4.372207631098309344e-01 3.473695803976043495e-01 1.000000000000000000e+00
3.790889610121157549e-01 4.508556981694521459e-01 1.000000000000000000e+00
5.413710589466173007e-01 5.851386713324434607e-01 1.000000000000000000e+00
4.764063978385003617e-01 4.126813575476590557e-01 1.000000000000000000e+00
3.435510388844396634e-01 5.100353572809821490e-01 1.000000000000000000e+00
3.383998279336106196e-01 2.914270982253173714e-01 1.000000000000000000e+00
4.666184347413626088e-01 4.530602848356272139e-01 1.000000000000000000e+00
4.987895339977488907e-01 5.367490691313877571e-01 1.000000000000000000e+00
4.961956704037970844e-01 5.158010259189919067e-01 1.000000000000000000e+00
3.223935240616090381e-01 4.164084805034468095e-01 1.000000000000000000e+00
5.375142620912176650e-01 4.685960814440457423e-01 1.000000000000000000e+00
2.280263812119055766e-01 3.755408187117172392e-01 1.000000000000000000e+00
4.062339931925098568e-01 3.981505858779447737e-01 1.000000000000000000e+00
4.502355226724127357e-01 4.128739357257050768e-01 1.000000000000000000e+00
4.871856059734766542e-01 4.859507572837068468e-01 1.000000000000000000e+00
4.783564922001913855e-01 4.380066530498367139e-01 1.000000000000000000e+00
3.209006926877285837e-01 4.189826952233005608e-01 1.000000000000000000e+00
2.585036286128194472e-01 4.360462700081119136e-01 1.000000000000000000e+00
4.525479222076133623e-01 5.008049020935430029e-01 1.000000000000000000e+00
4.329948537208469506e-01 6.603454029951293380e-01 1.000000000000000000e+00
6.377932317774167581e-01 4.765628913021581758e-01 1.000000000000000000e+00
3.572091084271624140e-01 3.738258958477529426e-01 1.000000000000000000e+00
3.352745625957728737e-01 4.755453323872923521e-01 1.000000000000000000e+00
5.098122160067478648e-01 4.708086361324400060e-01 1.000000000000000000e+00
2.997005389670594488e-01 3.662530044478468083e-01 1.000000000000000000e+00
4.680939968867963152e-01 4.451476777726580125e-01 1.000000000000000000e+00
2.429002748827042979e-01 5.463973153983885389e-01 1.000000000000000000e+00
4.764689016318958692e-01 5.076153350789621710e-01 1.000000000000000000e+00
5.964488373130316656e-01 4.023886277589157068e-01 1.000000000000000000e+00
4.530673501497167743e-01 5.162690560783528282e-01 1.000000000000000000e+00
4.742207170793180104e-01 5.292453532761915991e-01 1.000000000000000000e+00
4.081936111069766615e-01 5.647588198933336523e-01 1.000000000000000000e+00
5.782019046252694361e-01 2.342280853128697327e-01 1.000000000000000000e+00
2.385384152056589657e-01 2.164519919604221132e-01 1.000000000000000000e+00
3.492517463725755000e-01 4.763168116214699377e-01 1.000000000000000000e+00
3.959846129086080913e-01 2.601758289850209516e-01 1.000000000000000000e+00
5.426399319699907187e-01 5.315355359407653024e-01 1.000000000000000000e+00
4.374367102426686138e-01 6.083378898331238682e-01 1.000000000000000000e+00
5.980807969913375377e-01 3.683081924373542981e-01 1.000000000000000000e+00
5.488070486612922627e-01 4.393065641905507523e-01 1.000000000000000000e+00
5.371641836387871516e-01 3.587620583243150696e-01 1.000000000000000000e+00
5.106649783311376645e-01 3.725246189111637851e-01 1.000000000000000000e+00
3.544586102553470286e-01 3.244854914283426539e-01 1.000000000000000000e+00
4.910794104578312669e-01 6.924005562925157342e-01 1.000000000000000000e+00
3.231233155982866645e-01 4.641762390500739355e-01 1.000000000000000000e+00
6.476705460913210199e-01 6.016383720283967618e-01 1.000000000000000000e+00
5.542984766543022079e-01 5.430390831809318586e-01 1.000000000000000000e+00
3.071271037898661849e-01 5.323706727411414708e-01 1.000000000000000000e+00
4.572393932091995405e-01 4.662841241699563488e-01 1.000000000000000000e+00
3.816677182657067791e-01 5.584041450167792631e-01 1.000000000000000000e+00
3.524960962080073146e-01 3.057538085486443680e-01 1.000000000000000000e+00
4.057797510853515810e-01 7.354657788180088973e-01 1.000000000000000000e+00
5.618181519417763115e-01 4.096390857253801032e-01 1.000000000000000000e+00
4.039791729683697707e-01 3.576181802180385949e-01 1.000000000000000000e+00
3.196205192494540048e-01 4.945789215317563658e-01 1.000000000000000000e+00
5.104433880548900904e-01 3.825551954537176336e-01 1.000000000000000000e+00
4.338661876055937561e-01 5.432111670178366714e-01 1.000000000000000000e+00
5.700426245877425746e-01 3.680092503838394147e-01 1.000000000000000000e+00
5.011960908873686060e-01 2.927363241504153391e-01 1.000000000000000000e+00
4.849661739061544297e-01 4.797565354976370267e-01 1.000000000000000000e+00
3.050851725875449727e-01 6.803974070543968855e-01 1.000000000000000000e+00
3.096135319979785305e-01 4.907651156993448338e-01 1.000000000000000000e+00
5.889556058688890650e-01 3.869578368242739819e-01 1.000000000000000000e+00
4.913104788113557553e-01 5.797283161936759299e-01 1.000000000000000000e+00
4.920673010463070818e-01 1.597491440470334145e-01 1.000000000000000000e+00
5.226683930891213858e-01 3.721013246930917617e-01 1.000000000000000000e+00
3.714448176398330581e-01 4.116070106526935057e-01 1.000000000000000000e+00
3.702314113182119670e-01 3.093299461766524927e-01 1.000000000000000000e+00
5.328744233880343684e-01 3.847312568959196377e-01 1.000000000000000000e+00
4.965937307176909732e-01 4.659438973927201300e-01 1.000000000000000000e+00
6.550844275130750516e-01 4.979208623855103100e-01 1.000000000000000000e+00
5.228816328787923018e-01 3.598958444039986326e-01 1.000000000000000000e+00
3.918746828409329086e-01 5.034761609541024141e-01 1.000000000000000000e+00
4.352647136004704209e-01 4.695639854454233264e-01 1.000000000000000000e+00
4.894860728596974186e-01 5.216169791165536918e-01 1.000000000000000000e+00
3.736436842607288589e-01 5.530595914734657281e-01 1.000000000000000000e+00
6.473723289025551386e-01 4.563144851663876178e-01 1.000000000000000000e+00
6.143126329229104954e-01 4.155136761414580659e-01 1.000000000000000000e+00
4.351343528872250732e-01 7.352440627482994540e-01 1.000000000000000000e+00
2.485987934352188733e-01 3.494198667297065963e-01 1.000000000000000000e+00
7.257082069153136805e-01 5.585210975270632483e-01 1.000000000000000000e+00
4.075358847495523240e-01 4.941470460694732392e-01 1.000000000000000000e+00
4.231619848048601140e-01 1.510823507851130065e-01 1.000000000000000000e+00
3.611625528367534144e-01 3.542537463324238467e-01 0.000000000000000000e+00
3.057665121902497507e-01 5.822471240480170396e-01 0.000000000000000000e+00
4.485708789819443099e-01 3.763568357499925132e-01 0.000000000000000000e+00
4.007325092722354709e-01 1.664803853690716151e-01 0.000000000000000000e+00
3.458249232167902032e-01 4.670205682220913701e-01 0.000000000000000000e+00
6.394359699003162589e-01 3.963389753978844854e-01 0.000000000000000000e+00
4.068255787267374690e-01 3.430125803498181303e-01 0.000000000000000000e+00
2.630327727637228330e-01 3.107210030002626744e-01 0.000000000000000000e+00
5.227517229106702912e-01 2.129198153607552990e-01 0.000000000000000000e+00
2.986431635383357541e-01 3.010245265509651214e-01 0.000000000000000000e+00
2.137725393919963079e-01 2.183640425931026585e-01 0.000000000000000000e+00
1.260603682457242247e-01 4.107424344109276704e-01 0.000000000000000000e+00
2.631752747352695265e-01 2.851800152396065102e-01 0.000000000000000000e+00
2.493788426035408179e-01 5.004340397589076561e-01 0.000000000000000000e+00
3.227143614887049150e-01 2.417215179777919554e-01 0.000000000000000000e+00
3.062496414831867297e-01 2.530737872372761377e-01 0.000000000000000000e+00
4.213315749134221577e-01 2.026918277717566774e-01 0.000000000000000000e+00
2.798494164531112327e-01 2.266916816978546967e-01 0.000000000000000000e+00
3.064560195150366484e-01 2.646832354386718933e-01 0.000000000000000000e+00
3.520168789137340659e-01 3.912462723777823115e-01 0.000000000000000000e+00
2.752292837514671575e-01 4.461890794375177327e-01 0.000000000000000000e+00
1.915479107555114469e-01 3.451651380650374024e-01 0.000000000000000000e+00
2.094036565088011337e-01 1.970246079898645419e-01 0.000000000000000000e+00
2.676427059735976277e-01 2.299539084063577099e-01 0.000000000000000000e+00
2.052843411067870327e-01 1.093942532711456167e-01 0.000000000000000000e+00
2.304056954821496750e-01 3.593310361564038824e-01 0.000000000000000000e+00
3.674020895439193968e-01 3.447363771412935707e-01 0.000000000000000000e+00
2.852448970793395322e-01 2.585519489763264400e-01 0.000000000000000000e+00
3.925543217945040020e-01 2.791652953949642635e-01 0.000000000000000000e+00
4.498689374570732924e-01 3.040092063687589441e-01 0.000000000000000000e+00
3.092085167256171663e-01 2.751673966008763572e-01 0.000000000000000000e+00
2.459361584427194602e-01 2.133608421259267640e-01 0.000000000000000000e+00
2.004189968976828606e-01 1.994294581727842075e-01 0.000000000000000000e+00
8.276856377940595977e-02 4.040958471851083811e-01 0.000000000000000000e+00
3.481548786333855117e-01 4.069116599876538842e-01 0.000000000000000000e+00
2.156290671405902970e-01 3.694936640786429249e-01 0.000000000000000000e+00
2.438097343191712729e-01 2.351477904931383034e-01 0.000000000000000000e+00
4.447985014134737125e-01 3.485504464614853082e-01 0.000000000000000000e+00
8.220865919415532019e-02 1.241378602794592639e-01 0.000000000000000000e+00
4.725539443476638457e-01 4.635244958822631323e-01 0.000000000000000000e+00
3.455922537408895878e-01 4.103815726767979788e-01 0.000000000000000000e+00
4.355728995278357885e-01 3.583444993038075177e-01 0.000000000000000000e+00
3.561991376801834086e-01 1.692479026152512445e-01 0.000000000000000000e+00
3.964382849119348351e-01 2.631880795259281536e-01 0.000000000000000000e+00
2.944840432073528858e-01 2.939804115637363324e-01 0.000000000000000000e+00
1.618573497057468891e-01 2.842670667492976089e-02 0.000000000000000000e+00
3.579552782852539194e-01 2.141546937890059232e-01 0.000000000000000000e+00
2.877601407536818923e-01 1.913113634889158365e-01 0.000000000000000000e+00
4.270502729367365857e-01 3.026944373642981856e-01 0.000000000000000000e+00
4.674117434597386822e-01 2.410385800271175050e-01 0.000000000000000000e+00
4.300390398580184459e-01 2.803813833663670319e-01 0.000000000000000000e+00
3.743109404483743741e-01 4.418844494024598002e-01 0.000000000000000000e+00
2.449625612778612571e-01 3.302065356067105384e-01 0.000000000000000000e+00
3.550289804225154611e-01 1.308688073732550416e-01 0.000000000000000000e+00
2.764013438980339465e-01 2.325775373035959270e-01 0.000000000000000000e+00
3.647576518102571552e-01 3.260134813101266404e-01 0.000000000000000000e+00
4.392935211932164630e-01 3.451209235710837597e-01 0.000000000000000000e+00
3.929256979255211779e-01 3.342442519971886017e-01 0.000000000000000000e+00
2.143720435307991112e-01 2.371903107896631002e-01 0.000000000000000000e+00
3.858831457579223190e-01 3.335969407211661908e-01 0.000000000000000000e+00
1.997920289058021104e-01 2.912207198527418939e-01 0.000000000000000000e+00
2.490862569753890809e-01 4.897522792939597996e-02 0.000000000000000000e+00
2.739313114378721381e-01 4.877153595284927645e-03 0.000000000000000000e+00
2.695945016173307840e-01 5.271568516495295231e-01 0.000000000000000000e+00
3.212113846876644696e-01 2.817961042811983341e-01 0.000000000000000000e+00
4.041171718836986670e-01 4.535640731906429718e-02 0.000000000000000000e+00
3.235228825906603101e-01 3.272802908438949276e-01 0.000000000000000000e+00
2.583291824692749428e-01 3.455743205827973563e-01 0.000000000000000000e+00
9.809778345499275964e-02 1.474832478850095219e-01 0.000000000000000000e+00
1.063801906433538003e-01 2.342747637554912221e-01 0.000000000000000000e+00
5.387949035373016393e-01 4.320774046771673760e-01 0.000000000000000000e+00
2.730248784299817988e-01 2.150867225703415875e-01 0.000000000000000000e+00
4.334227689528197813e-01 1.832250322192622849e-01 0.000000000000000000e+00
4.460556228349560892e-01 3.343801896625105963e-01 0.000000000000000000e+00
4.291602340218946821e-01 2.396992530818804479e-01 0.000000000000000000e+00
2.934584145335333849e-01 1.091365760709820248e-01 0.000000000000000000e+00
2.693075170014568864e-01 5.460102725670737955e-01 0.000000000000000000e+00
2.184190209230108815e-01 4.079866050132957001e-01 0.000000000000000000e+00
3.079618157869662975e-01 3.204872924874800355e-01 0.000000000000000000e+00
3.421732687156902597e-01 3.894246781020340720e-01 0.000000000000000000e+00
2.861572631337894745e-01 4.516160258007343442e-01 0.000000000000000000e+00
2.452224042302654783e-01 2.292680704649771029e-01 0.000000000000000000e+00
3.352197323840402365e-01 1.276879721961253766e-01 0.000000000000000000e+00
2.560556159805771337e-01 1.274790591322378930e-01 0.000000000000000000e+00
3.854341733548211080e-01 1.153024550636248674e-01 0.000000000000000000e+00
4.524049882063645445e-01 4.104078711178019145e-01 0.000000000000000000e+00
2.968280693474597554e-01 3.877423528465608893e-01 0.000000000000000000e+00
1.504575504286621290e-01 2.734168167053687704e-01 0.000000000000000000e+00
4.834105387267379483e-01 2.952648049995498791e-01 0.000000000000000000e+00
2.712667310985532598e-01 2.502768312523810934e-01 0.000000000000000000e+00
1.526412556904622186e-01 1.536319597829598760e-01 0.000000000000000000e+00
2.025221955232051063e-01 2.783046332364262909e-01 0.000000000000000000e+00
1.726006970710350363e-01 3.445013421144408339e-01 0.000000000000000000e+00
4.838851310154380636e-01 1.641514707374435722e-01 0.000000000000000000e+00
2.135417147149905326e-01 1.494657166103387225e-01 0.000000000000000000e+00
3.305655585900347249e-01 3.603692720744598454e-01 0.000000000000000000e+00
3.517117437659922352e-01 2.421827514472236209e-01 0.000000000000000000e+00
3.700748960033086177e-01 3.180653401234457833e-01 0.000000000000000000e+00
2.883054115900908210e-01 4.689922998920118546e-01 0.000000000000000000e+00
9.512729273825690224e-02 6.202180133774744947e-02 0.000000000000000000e+00
2.821485557957778001e-01 4.515097380242542036e-01 0.000000000000000000e+00
3.102770397146904502e-01 2.774397347060548677e-02 0.000000000000000000e+00
2.895153561777957796e-01 1.925462096513375077e-01 0.000000000000000000e+00
3.741558267910182756e-01 2.808870253685347151e-01 0.000000000000000000e+00
3.723444088469679558e-01 2.304275460476024884e-01 0.000000000000000000e+00
2.832249299221327177e-01 4.139307752681321007e-01 0.000000000000000000e+00
3.009196314991347543e-01 3.644350568700747695e-01 0.000000000000000000e+00
1.514231613503852492e-01 2.753617433762883815e-01 0.000000000000000000e+00
2.698891675026057202e-01 3.423323370374108943e-01 0.000000000000000000e+00
3.305401409185041439e-01 2.809335449284663389e-01 0.000000000000000000e+00
2.622107825427619776e-01 2.226657811007208554e-01 0.000000000000000000e+00
3.308935331141473202e-01 3.330607064221442482e-01 0.000000000000000000e+00
1.663363165806886479e-01 2.288861387572431183e-01 0.000000000000000000e+00
3.030439457141703152e-01 2.507262102529631553e-01 0.000000000000000000e+00
2.819741534573900199e-01 2.435247829973693212e-01 0.000000000000000000e+00
3.421949891577477088e-01 4.278915896496152671e-01 0.000000000000000000e+00
3.048642764045824127e-01 2.837111677898537798e-01 0.000000000000000000e+00
2.132247361700701227e-01 3.134294781107802574e-01 0.000000000000000000e+00
3.499910567571452025e-01 2.461005884241338204e-01 0.000000000000000000e+00
3.557199575688381743e-01 1.829194624845601191e-01 0.000000000000000000e+00
3.421594596077322525e-01 3.482232970909644454e-01 0.000000000000000000e+00
2.918804905377577197e-01 4.603619057111966173e-01 0.000000000000000000e+00
2.935409538512067096e-01 2.637614609767921503e-01 0.000000000000000000e+00
2.355579746123042106e-01 1.956876964519263240e-01 0.000000000000000000e+00
3.963246676211089614e-01 4.382619976128042660e-01 0.000000000000000000e+00
4.553909874769360711e-01 3.183790031713079061e-01 0.000000000000000000e+00
4.328474643231393082e-01 3.086910435968397981e-01 0.000000000000000000e+00
2.496021625628716545e-01 3.383582494843673238e-01 0.000000000000000000e+00
4.738779112635730928e-01 4.344019294119142449e-01 0.000000000000000000e+00
1.887390112711181678e-01 3.752616387322841862e-01 0.000000000000000000e+00
3.422210997793968534e-01 3.243671351371895661e-01 0.000000000000000000e+00
4.631718432605468339e-01 2.583647633764352691e-01 0.000000000000000000e+00
2.637088031694364565e-01 3.156789035194366155e-01 0.000000000000000000e+00
2.720684751050021499e-01 2.777787542989432756e-01 0.000000000000000000e+00
2.570965590625764463e-01 2.991902309530038440e-01 0.000000000000000000e+00
3.530662429179616257e-01 2.103252636590947078e-01 0.000000000000000000e+00
3.143423624672161409e-01 3.335097652668940205e-01 0.000000000000000000e+00
3.958730515848942200e-01 2.977084794767925202e-01 0.000000000000000000e+00
1.969396502955950146e-01 3.472290542793766144e-01 0.000000000000000000e+00
3.801091829491912155e-01 2.916271226846604003e-01 0.000000000000000000e+00
3.858052857016789905e-01 5.487014302058940141e-01 0.000000000000000000e+00
3.480028453563255852e-01 2.620785488934864738e-01 0.000000000000000000e+00
4.661805151027124117e-01 4.020207085053746909e-01 0.000000000000000000e+00
3.534653476085647394e-01 2.223531534567586287e-01 0.000000000000000000e+00
3.928032032532001727e-01 1.141459709549489110e-01 0.000000000000000000e+00
2.286868661363797850e-01 2.885138876240325168e-01 0.000000000000000000e+00
2.957772128207460938e-01 3.975921511238837414e-01 0.000000000000000000e+00
4.919846826136148876e-01 2.267796037398647491e-01 0.000000000000000000e+00
3.140037601548344992e-01 2.797676926770734096e-01 0.000000000000000000e+00
2.690119624048160074e-01 8.350169752390429467e-02 0.000000000000000000e+00
5.433386897724477027e-01 3.699463672589549113e-01 0.000000000000000000e+00
3.184066149356534758e-01 3.626126105903141328e-01 0.000000000000000000e+00
4.816458187533028124e-01 3.768364097215632924e-01 0.000000000000000000e+00
2.276588283807215729e-01 2.908899989106129014e-01 0.000000000000000000e+00
3.251052205459920019e-01 2.292720730730508916e-01 0.000000000000000000e+00
3.436275163022176060e-01 1.086170645918980299e-01 0.000000000000000000e+00
2.571642085549777912e-01 2.560825885815351532e-01 0.000000000000000000e+00
3.897681161389555671e-01 4.368499786380288241e-01 0.000000000000000000e+00
2.898085280167675970e-01 2.350601600470937635e-01 0.000000000000000000e+00
3.534405520292619451e-01 2.367781422320931750e-01 0.000000000000000000e+00
2.736720690546454726e-01 2.178735719425413941e-01 0.000000000000000000e+00
3.814009720953803195e-01 4.314254043577060438e-01 0.000000000000000000e+00
3.489937476170196229e-01 4.516022289666861700e-01 0.000000000000000000e+00
4.144544882236853023e-01 4.375448099340045749e-01 0.000000000000000000e+00
3.819815277711814949e-01 4.557086098061984836e-01 0.000000000000000000e+00
2.740619839699292015e-01 4.563921977546232522e-01 0.000000000000000000e+00
3.970952147454654413e-01 1.578831979401692787e-01 0.000000000000000000e+00
3.456037600877850391e-01 4.032715964018107613e-01 0.000000000000000000e+00
1.477992916742910112e-01 1.688349473916602728e-01 0.000000000000000000e+00
1.959527175060343240e-01 2.098052582372673391e-01 0.000000000000000000e+00
2.953784789340195838e-01 1.671104046732096449e-01 0.000000000000000000e+00
3.385411296375506751e-01 2.713694814440091307e-01 0.000000000000000000e+00
2.302956235292115128e-01 2.669514897427172073e-01 0.000000000000000000e+00
3.939207189080317639e-01 3.658604670537364267e-01 0.000000000000000000e+00
3.070735931556617393e-01 1.868211882403111868e-01 0.000000000000000000e+00
3.322293901663966875e-01 4.749057538340381579e-01 0.000000000000000000e+00
1.555200660340177732e-01 3.014170934248326938e-01 0.000000000000000000e+00
3.605386971684267361e-01 4.648425054270301504e-01 0.000000000000000000e+00
2.409193266863558225e-01 2.010766532988928768e-01 0.000000000000000000e+00
3.069961266796867316e-01 3.047000866839086886e-01 0.000000000000000000e+00
2.112915045961679672e-01 1.371624282163193542e-01 0.000000000000000000e+00
3.294057799774508521e-01 1.725018693708056661e-01 0.000000000000000000e+00
2.057521039458941325e-01 8.341001857016766552e-02 0.000000000000000000e+00
1.872111371173643124e-01 3.323441427758944133e-01 0.000000000000000000e+00
3.932232219160409215e-01 3.701144051640598565e-01 0.000000000000000000e+00
4.446456860842436520e-01 1.782690826998385436e-01 0.000000000000000000e+00
4.549096786807882431e-01 2.173714104517948664e-01 0.000000000000000000e+00
4.115359628862406138e-01 2.926597885308988012e-01 0.000000000000000000e+00
2.660458066191308535e-01 3.187338826873944431e-01 0.000000000000000000e+00
2.595535910305493132e-01 4.294297240495074663e-01 0.000000000000000000e+00
2.613066429480182529e-01 4.609275706791474136e-01 0.000000000000000000e+00
3.791126149205249485e-01 4.100970399039846059e-01 0.000000000000000000e+00
2.563434932509767727e-01 3.306645345162529392e-01 0.000000000000000000e+00
4.291174029205834795e-01 3.870977796071109478e-01 0.000000000000000000e+00
1.852408562014740689e-01 8.482802894881385364e-03 0.000000000000000000e+00
4.874035078621918871e-01 1.529248176155235117e-01 0.000000000000000000e+00
3.231408709885871811e-01 4.566661161485593423e-01 0.000000000000000000e+00
4.710726777257757125e-01 2.049802027855724684e-01 0.000000000000000000e+00
4.633781507757341878e-01 2.291235875149434109e-01 0.000000000000000000e+00
4.226655338669273454e-01 2.896541523463858625e-01 0.000000000000000000e+00
2.811871578912021330e-01 3.780619251606995301e-01 0.000000000000000000e+00
5.172456171701693695e-01 4.807130403680360403e-02 0.000000000000000000e+00
2.071760548415856884e-01 1.571805780993473789e-01 0.000000000000000000e+00
1.495791325195923172e-01 5.464610765036898021e-01 0.000000000000000000e+00
4.009878209074261846e-01 9.534258490451713586e-02 0.000000000000000000e+00
4.469626076667654324e-01 3.789460558668653056e-02 0.000000000000000000e+00
3.208015637326537828e-01 3.893953595296743009e-01 0.000000000000000000e+00
4.449015435606354929e-01 2.959862064866892184e-01 0.000000000000000000e+00
2.936128411698762930e-01 3.047222136773299894e-01 0.000000000000000000e+00
1.760783707541953569e-01 1.686868929888505064e-01 0.000000000000000000e+00
4.033235801830114542e-01 3.657816107867451483e-01 0.000000000000000000e+00
4.493839497930534610e-01 2.211806815104978285e-01 0.000000000000000000e+00
1.554272200269526949e-01 1.876306673353882737e-01 0.000000000000000000e+00
2.615074081410733720e-01 2.962224752750794443e-01 0.000000000000000000e+00
3.577494530612701507e-01 4.859038921945009748e-01 0.000000000000000000e+00
1.997487069552790484e-01 3.094013831036042661e-01 0.000000000000000000e+00
1.569126973878121889e-01 2.272850113744792067e-01 0.000000000000000000e+00
2.710249711900663550e-01 2.280651717425371261e-01 0.000000000000000000e+00
5.246671570527692285e-01 2.193810344722246508e-01 0.000000000000000000e+00
3.463416663846227705e-01 3.586119152067168137e-01 0.000000000000000000e+00
2.848322669814478125e-01 2.882721536051670586e-01 0.000000000000000000e+00
1.545182135136494994e-01 2.739050035572263564e-01 0.000000000000000000e+00
4.791428737038188057e-01 5.590435366688618624e-01 0.000000000000000000e+00
2.475899247334914788e-01 3.307571699240345331e-01 0.000000000000000000e+00
2.125456713465907199e-01 2.030109975531638189e-01 0.000000000000000000e+00
2.848932233946928627e-01 5.277748368899241038e-01 0.000000000000000000e+00
3.160707884879856433e-01 4.280764058587842036e-01 0.000000000000000000e+00
3.273711378248353454e-01 2.132159902743882840e-01 0.000000000000000000e+00
3.379604724578709196e-01 4.999843826157442384e-01 0.000000000000000000e+00
5.094105382559351719e-02 2.515203506484190998e-01 0.000000000000000000e+00
2.168913311693681512e-01 1.305442367841408713e-01 0.000000000000000000e+00
4.442009826416153384e-01 3.297374420784883187e-01 0.000000000000000000e+00
1.111821192995424284e-01 2.459565162358500756e-01 0.000000000000000000e+00
3.889032692600760122e-01 5.931568969079134002e-01 0.000000000000000000e+00
4.102277804995650423e-01 3.666972740500487049e-01 0.000000000000000000e+00
2.885285650119522316e-01 2.796203637043356838e-01 0.000000000000000000e+00
3.504996252092166809e-01 3.766960654850007306e-01 0.000000000000000000e+00
2.469971680667379099e-01 3.805117308787017705e-01 0.000000000000000000e+00
3.247694971953762333e-01 1.929590593575777335e-01 0.000000000000000000e+00
3.284584795143625224e-01 3.275130998330839094e-01 0.000000000000000000e+00
2.810009522008278249e-01 2.951927385659628977e-01 0.000000000000000000e+00
2.707636461652382365e-01 1.583234702039058583e-01 0.000000000000000000e+00
4.243046920926984988e-01 2.984422985375328463e-01 0.000000000000000000e+00
3.198272029509581227e-01 1.390552983422816413e-01 0.000000000000000000e+00
2.294443010504051694e-01 4.731098088437343807e-01 0.000000000000000000e+00
4.012504143390256406e-01 2.373969553851012215e-01 0.000000000000000000e+00
2.389033067796265397e-01 5.285455941946852754e-01 0.000000000000000000e+00
2.490404141650051917e-01 3.099588853808534217e-01 0.000000000000000000e+00
2.282581854891395645e-01 4.594995816143769285e-01 0.000000000000000000e+00
1.450325594299018139e-01 1.121840049962520014e-01 0.000000000000000000e+00
2.654966245407647252e-01 4.892372510144811226e-01 0.000000000000000000e+00
3.603592595777833640e-01 2.661683559408616895e-01 0.000000000000000000e+00
2.435289311539456658e-01 2.867028334903013453e-01 0.000000000000000000e+00
4.530784467445029828e-01 2.243498334133101346e-01 0.000000000000000000e+00
2.530128030092100855e-01 3.849502266281739082e-01 0.000000000000000000e+00
2.481240896345834890e-01 4.052716417165099227e-01 0.000000000000000000e+00
3.778002393615741972e-01 3.198045147927981446e-01 0.000000000000000000e+00
3.435827109015821001e-01 2.179144999200342825e-01 0.000000000000000000e+00
2.590329732690461739e-01 3.469207782081030200e-01 0.000000000000000000e+00
3.300853924711504295e-01 3.662082586655417971e-01 0.000000000000000000e+00
4.319814882196641448e-01 2.965621768006987957e-01 0.000000000000000000e+00
2.813479415895488445e-01 3.195508220496821039e-01 0.000000000000000000e+00
2.723231828992243586e-01 2.794044537689333585e-01 0.000000000000000000e+00
2.288198800775180508e-01 3.412234999408391700e-01 0.000000000000000000e+00
3.050694631541970292e-01 3.493507814741238504e-01 0.000000000000000000e+00
2.557471339084033124e-01 2.980482728090145805e-01 0.000000000000000000e+00
1.408852910956606141e-01 3.445227241005608954e-01 0.000000000000000000e+00
2.749647834271231051e-01 3.249661813794653686e-01 0.000000000000000000e+00
4.342093947319864977e-01 3.977154609058686785e-01 0.000000000000000000e+00
2.899127191264120884e-01 2.568286985944114309e-01 0.000000000000000000e+00
4.552914743979444845e-01 5.093786890649123489e-01 0.000000000000000000e+00
2.906440115553635128e-01 2.700360770424758416e-01 0.000000000000000000e+00
3.265733724160156393e-01 2.103095042638532530e-01 0.000000000000000000e+00
4.004801042076722717e-01 3.204474225641721907e-01 0.000000000000000000e+00
3.587878814330106580e-01 6.019527986217833027e-01 0.000000000000000000e+00
4.488811109585504333e-01 3.592095515246137016e-01 0.000000000000000000e+00
3.440014055010800487e-01 4.200303485212625310e-01 0.000000000000000000e+00
2.454746677107905450e-01 2.805853052208099330e-01 0.000000000000000000e+00
3.948931152313576165e-01 2.072467081739023109e-01 0.000000000000000000e+00
3.449405613097427659e-01 4.251875900579930034e-01 0.000000000000000000e+00
1.347233033296770244e-01 2.678633737278542926e-01 0.000000000000000000e+00
4.157585381834847382e-01 2.936236241286835913e-01 0.000000000000000000e+00
4.779207868079213273e-01 1.698845215200544545e-01 0.000000000000000000e+00
4.015759670223323363e-01 2.022930315922711331e-01 0.000000000000000000e+00
1.949627375176038735e-01 2.209161621834289380e-01 0.000000000000000000e+00
1.333088675627940867e-01 2.949406111955792387e-01 0.000000000000000000e+00
2.410840357922592880e-01 4.220242851187230304e-01 0.000000000000000000e+00
3.939955431315433909e-02 2.149436832329443547e-01 0.000000000000000000e+00
3.293776756918275761e-01 2.467144365604048428e-01 0.000000000000000000e+00
2.411984429040288092e-01 5.306425269638181952e-01 0.000000000000000000e+00
3.304741148710564902e-01 3.911588231897680790e-01 0.000000000000000000e+00
3.154259165182041746e-01 3.434243260068294834e-01 0.000000000000000000e+00
5.011934862023560422e-01 3.800930755514178583e-01 0.000000000000000000e+00
3.568582967115384030e-01 1.806186740608388963e-01 0.000000000000000000e+00
3.522344912218326463e-01 1.631291792905619764e-01 0.000000000000000000e+00
2.825579551757343433e-01 2.918222510952684923e-01 0.000000000000000000e+00
1.778951328844755320e-01 3.093558872731301257e-01 0.000000000000000000e+00
2.794635148813260361e-01 3.518301143423512301e-01 0.000000000000000000e+00
2.940222820502649825e-01 3.309612243414177812e-01 0.000000000000000000e+00
3.614045173710423442e-01 3.240011995846374115e-01 0.000000000000000000e+00
2.596446937019259993e-01 3.041296539292453471e-01 0.000000000000000000e+00
3.190799616777589831e-01 3.351667963649788140e-01 0.000000000000000000e+00
3.502137083055483213e-01 2.535634995461299446e-01 0.000000000000000000e+00
1.798696891454139857e-01 1.247592790539754776e-01 0.000000000000000000e+00
8.351959169695964691e-02 2.570364832253494991e-01 0.000000000000000000e+00
3.005468698860309096e-01 3.410537808435213369e-01 0.000000000000000000e+00
1.398182678440762772e-01 3.454459654953367376e-01 0.000000000000000000e+00
1.687860436671969611e-01 2.756076246773506710e-01 0.000000000000000000e+00
2.433192106597142357e-01 3.160096859131502067e-01 0.000000000000000000e+00
3.288086402949302323e-01 3.855446133295384326e-01 0.000000000000000000e+00
2.380162271944239460e-01 3.432801231404173925e-01 0.000000000000000000e+00
4.086899359600436599e-01 3.843723814968930674e-01 0.000000000000000000e+00
2.790718844685720623e-01 3.259539008473211208e-01 0.000000000000000000e+00
3.601284543329654753e-01 3.070886319317961966e-01 0.000000000000000000e+00
3.569629015373546044e-01 1.729594488801341479e-01 0.000000000000000000e+00
1.883890350618206422e-01 2.717129686152611745e-01 0.000000000000000000e+00
2.566370418105471951e-01 2.835832702143384898e-01 0.000000000000000000e+00
3.209202144512164900e-01 4.286613778320543799e-01 0.000000000000000000e+00
2.634494925463555237e-01 2.926025860484470220e-01 0.000000000000000000e+00
3.765372593521827960e-01 3.786122520254378565e-01 0.000000000000000000e+00
4.283352717939524767e-01 4.246656284780191970e-01 0.000000000000000000e+00
1.524695546415300584e-01 3.620917501033987795e-01 0.000000000000000000e+00
4.863240129439962423e-01 3.324836041915504858e-01 0.000000000000000000e+00
3.460906021694943879e-01 3.933398320724822983e-01 0.000000000000000000e+00
1.322547395278588778e-01 3.522982012409363040e-01 0.000000000000000000e+00
9.939736984525755770e-02 1.780447684716918166e-01 0.000000000000000000e+00
3.093328084459575078e-01 3.441454957578368168e-01 0.000000000000000000e+00
1.499550367251032135e-01 3.672287870996867598e-01 0.000000000000000000e+00
4.001629017767351360e-01 3.025486634198769065e-01 0.000000000000000000e+00
1.397965875049049641e-03 6.961916137820720052e-02 0.000000000000000000e+00
3.423232573086787411e-01 3.964377674484919623e-01 0.000000000000000000e+00
2.279531076162737424e-01 1.999574566739638348e-01 0.000000000000000000e+00
3.349010733646974325e-01 3.338020874008462147e-01 0.000000000000000000e+00
4.376149129938757265e-01 3.370780005934093104e-01 0.000000000000000000e+00
1.248853127485412412e-01 2.233938585171955926e-01 0.000000000000000000e+00
5.152125628014487813e-01 3.028264604125871506e-01 0.000000000000000000e+00
2.669193760824396522e-01 1.747532966252660636e-01 0.000000000000000000e+00
5.876576693828782227e-01 2.834806636781417866e-01 0.000000000000000000e+00
3.779064587594482272e-01 3.822451288977886108e-01 0.000000000000000000e+00
2.820186141544240299e-01 4.838055700862325392e-01 0.000000000000000000e+00
1.013665611358556679e-01 3.069856302566235096e-01 0.000000000000000000e+00
3.633190408013485251e-01 4.491179722869708124e-01 0.000000000000000000e+00
1.963944828266377396e-01 1.918027110070287811e-01 0.000000000000000000e+00
3.188280976982620363e-01 2.722102872707032883e-01 0.000000000000000000e+00
3.054092515904316407e-01 3.144682371373870300e-01 0.000000000000000000e+00
2.467342109256154825e-01 4.885479959239600878e-01 0.000000000000000000e+00
4.400146763718793541e-01 2.263741083223626271e-01 0.000000000000000000e+00
4.225261863860392264e-01 2.559835407543283869e-01 0.000000000000000000e+00
2.467120134955514132e-01 4.077888636136534628e-01 0.000000000000000000e+00
3.660468372127627656e-01 3.074603472016019801e-01 0.000000000000000000e+00
5.079300984979029376e-01 3.513379101857806441e-01 0.000000000000000000e+00
1.279707221837051989e-01 3.055897555263260013e-01 0.000000000000000000e+00
4.775709846717310914e-01 1.744185229696543771e-01 0.000000000000000000e+00
1.834519901576268375e-01 3.085120970297127729e-01 0.000000000000000000e+00
2.592570118925469624e-01 2.431202897725246448e-01 0.000000000000000000e+00
0.000000000000000000e+00 3.990635422226060380e-01 0.000000000000000000e+00
3.261613724555365579e-01 3.758974872504167175e-01 0.000000000000000000e+00
2.301770827093398697e-01 1.505193454684264631e-01 0.000000000000000000e+00
3.458257639581529541e-01 3.136859619242277075e-01 0.000000000000000000e+00
4.017893075880769049e-01 4.716327269403010058e-01 0.000000000000000000e+00
2.834825962591555060e-01 2.582305848696234696e-01 0.000000000000000000e+00
2.299253952818761937e-01 1.769236575193878780e-01 0.000000000000000000e+00
3.932210112719754513e-01 3.717861651346023866e-01 0.000000000000000000e+00
2.935985986778324452e-01 4.203896120262469727e-01 0.000000000000000000e+00
3.142048351359267855e-01 2.171993214339451861e-01 0.000000000000000000e+00
3.504624341454569691e-01 3.720244007577120926e-01 0.000000000000000000e+00
3.925845129745458295e-01 4.394168592554067998e-01 0.000000000000000000e+00
2.960913727384137939e-01 2.464351909015458919e-01 0.000000000000000000e+00
4.844911520612760203e-01 2.902033620069121023e-01 0.000000000000000000e+00
2.800414413340494568e-01 4.090276701253431901e-01 0.000000000000000000e+00
4.262651631912485750e-01 2.315623310229012743e-01 0.000000000000000000e+00
2.082805075566679653e-01 1.945778746092270417e-01 0.000000000000000000e+00
1.839684473330966685e-01 3.465232025650364367e-01 0.000000000000000000e+00
3.934857691788891665e-01 2.854964102394447201e-01 0.000000000000000000e+00
3.527354903802057962e-01 3.694837755112004851e-01 0.000000000000000000e+00
1.680583020958797413e-01 2.359885225913113393e-01 0.000000000000000000e+00
2.262619683115101032e-01 2.571800551883203778e-01 0.000000000000000000e+00
3.535023237904684756e-01 1.742040170368034935e-01 0.000000000000000000e+00
3.400553765741491929e-01 5.471128018167128321e-02 0.000000000000000000e+00
2.883668355997744404e-01 2.289638287787141846e-01 0.000000000000000000e+00
2.806416092109426663e-01 3.108989103975996482e-01 0.000000000000000000e+00
3.503799024730565592e-01 2.244070308492699950e-01 0.000000000000000000e+00
3.468836580298210182e-01 3.739377117814167706e-01 0.000000000000000000e+00
4.165756253180672442e-01 4.596858914598130896e-01 0.000000000000000000e+00
2.894652095833128991e-01 2.169832422727133725e-01 0.000000000000000000e+00
3.166842438956419259e-01 3.743625016517710957e-01 0.000000000000000000e+00
3.798610540137990488e-01 3.930030141538070620e-01 0.000000000000000000e+00
2.840550824516319128e-01 5.764982187418049575e-01 0.000000000000000000e+00
4.605368421481333963e-01 3.404669600336135971e-01 0.000000000000000000e+00
2.502672816165452674e-01 3.421353803673035654e-01 0.000000000000000000e+00
2.773857429433627675e-01 3.385252391418801521e-01 0.000000000000000000e+00
3.524897311775994080e-01 2.087227765448122774e-01 0.000000000000000000e+00
3.576698245008191335e-01 2.128356010961007239e-01 0.000000000000000000e+00
2.330263801893912023e-01 1.608410025368186835e-01 0.000000000000000000e+00
3.694764574027182835e-01 3.048383949128132819e-01 0.000000000000000000e+00
1.273277928612814025e-01 2.346930078704639044e-01 0.000000000000000000e+00
2.756059955104778192e-01 3.939164225065910352e-01 0.000000000000000000e+00
4.343764885504455830e-01 1.959460837589460935e-01 0.000000000000000000e+00
3.709149511012269085e-01 3.098780970658651657e-01 0.000000000000000000e+00
1.969426393302998179e-01 3.213948277032961376e-01 0.000000000000000000e+00
3.718619375786326176e-01 3.713573373544045708e-01 0.000000000000000000e+00
2.291457085509057134e-01 1.144291210846952872e-01 0.000000000000000000e+00
