5.806227730798749764e-01 7.550998989797764738e-01 2.000000000000000000e+00
7.293664785424539554e-01 5.931375796978880510e-01 2.000000000000000000e+00
5.898842196501222768e-01 7.291899080003009237e-01 2.000000000000000000e+00
5.815651906470363786e-01 7.376398423053246445e-01 2.000000000000000000e+00
6.548299988988868225e-01 8.121237885434481329e-01 2.000000000000000000e+00
4.270949109439081681e-01 6.138371685743454487e-01 2.000000000000000000e+00
7.128759805411660766e-01 8.322823891421090581e-01 2.000000000000000000e+00
3.483556902881048689e-01 7.061958851045140317e-01 2.000000000000000000e+00
4.620870680223551075e-01 7.861434474573624209e-01 2.000000000000000000e+00
5.917154533812685191e-01 6.681768311922907655e-01 2.000000000000000000e+00
4.759745174744266505e-01 7.128586116727047006e-01 2.000000000000000000e+00
5.198402698189414917e-01 8.665916034255758404e-01 2.000000000000000000e+00
5.365509065146800705e-01 8.695974708623829263e-01 2.000000000000000000e+00
5.914820206095313671e-01 7.850785951507027738e-01 2.000000000000000000e+00
5.379425365678044413e-01 7.472050183977092530e-01 2.000000000000000000e+00
6.062005177273671608e-01 9.700140364436901086e-01 2.000000000000000000e+00
6.209663260592190870e-01 7.601527998882252612e-01 2.000000000000000000e+00
4.365025252981151183e-01 6.343838049760337494e-01 2.000000000000000000e+00
6.080066741045978551e-01 6.533665908379151510e-01 2.000000000000000000e+00
6.727747383495571443e-01 7.163881297744654209e-01 2.000000000000000000e+00
5.457999731441002256e-01 8.474176110317259702e-01 2.000000000000000000e+00
4.836508245167736031e-01 6.443910301153121800e-01 2.000000000000000000e+00
5.846076685428068798e-01 7.579541531777470587e-01 2.000000000000000000e+00
6.340478312544950423e-01 5.968938562212467991e-01 2.000000000000000000e+00
5.560797178546760255e-01 9.397716523301102853e-01 2.000000000000000000e+00
4.550877491223662141e-01 7.698998858549135349e-01 2.000000000000000000e+00
6.283100270620299854e-01 9.797559126187436185e-01 2.000000000000000000e+00
5.163399303089785120e-01 6.694456612885064661e-01 2.000000000000000000e+00
4.008509030100312343e-01 7.050539542173820395e-01 2.000000000000000000e+00
4.413985611871260595e-01 6.939512527309461554e-01 2.000000000000000000e+00
7.170908088877008257e-01 8.984980414918564140e-01 2.000000000000000000e+00
6.546983482888142358e-01 9.849145067111932939e-01 2.000000000000000000e+00
8.407295526397542407e-01 7.314429302890924633e-01 2.000000000000000000e+00
3.666710316877689335e-01 7.396504419619539528e-01 2.000000000000000000e+00
4.089922324241857532e-01 5.289067529522674116e-01 2.000000000000000000e+00
5.176697116518049757e-01 6.505338120839475602e-01 2.000000000000000000e+00
5.670436777755805124e-01 7.778034090820656887e-01 2.000000000000000000e+00
6.068518327699089498e-01 6.668395045302389912e-01 2.000000000000000000e+00
5.972732921346399770e-01 7.465085307970855677e-01 2.000000000000000000e+00
6.139700028672151477e-01 7.110925743326967918e-01 2.000000000000000000e+00
6.732789011334693319e-01 7.293155974976915923e-01 2.000000000000000000e+00
6.199492815043248228e-01 6.972035533015791264e-01 2.000000000000000000e+00
6.405902121501330093e-01 7.935018855562748774e-01 2.000000000000000000e+00
6.387268083243332617e-01 7.279761538104756458e-01 2.000000000000000000e+00
5.353212525838606517e-01 7.098478420471014960e-01 2.000000000000000000e+00
4.285253071983775031e-01 7.269071903975364846e-01 2.000000000000000000e+00
5.279311159644862750e-01 7.984121039296399047e-01 2.000000000000000000e+00
5.246229876482371157e-01 6.641730532659813058e-01 2.000000000000000000e+00
5.990240377807986016e-01 7.268335729869016548e-01 2.000000000000000000e+00
5.789795861005214705e-01 8.380244717112371733e-01 2.000000000000000000e+00
5.149594267603206932e-01 9.020231419716350230e-01 2.000000000000000000e+00
6.980866636858369390e-01 7.505185716429587650e-01 2.000000000000000000e+00
6.580775531716652749e-01 7.646916434829564846e-01 2.000000000000000000e+00
4.157805860985626656e-01 8.233617565249117254e-01 2.000000000000000000e+00
6.569549518257330467e-01 1.000000000000000000e+00 2.000000000000000000e+00
5.315637221740426854e-01 7.196913876176621594e-01 2.000000000000000000e+00
5.883272835102861809e-01 8.825686229700604457e-01 2.000000000000000000e+00
6.072087489989594911e-01 6.539025972816651100e-01 2.000000000000000000e+00
5.448656608409860880e-01 6.427454175857780783e-01 2.000000000000000000e+00
7.141836495177041888e-01 8.697903933680254385e-01 2.000000000000000000e+00
6.032752440593682763e-01 6.715436786172724881e-01 2.000000000000000000e+00
6.310232110416509332e-01 7.590568596148963287e-01 2.000000000000000000e+00
6.580770378374199980e-01 8.136057121257449509e-01 2.000000000000000000e+00
5.981063495285686704e-01 8.343883882355411785e-01 2.000000000000000000e+00
5.584637382762270841e-01 8.025720431906128161e-01 2.000000000000000000e+00
6.696712805696029003e-01 8.125603442468751769e-01 2.000000000000000000e+00
4.663278604764443669e-01 6.300752606538339018e-01 2.000000000000000000e+00
5.740248720986149689e-01 6.939202846823769866e-01 2.000000000000000000e+00
8.280378641602269552e-01 7.865170942790105091e-01 2.000000000000000000e+00
6.007510244424174584e-01 8.836524413021930036e-01 2.000000000000000000e+00
6.073275319484779944e-01 7.241103031103526266e-01 2.000000000000000000e+00
6.267252276164950731e-01 7.374655855462703968e-01 2.000000000000000000e+00
6.721144455677615648e-01 8.421871648128109733e-01 2.000000000000000000e+00
5.435641114996146994e-01 7.140075143128034041e-01 2.000000000000000000e+00
7.989837679934420622e-01 9.794150933514692570e-01 2.000000000000000000e+00
6.922502587644097094e-01 9.119813326110224327e-01 2.000000000000000000e+00
5.381563720147365393e-01 6.434973627375051297e-01 2.000000000000000000e+00
7.048509813766535848e-01 7.862178310731213760e-01 2.000000000000000000e+00
7.579008648134276660e-01 7.569662262856560186e-01 2.000000000000000000e+00
4.300314165820436907e-01 6.369743834523324821e-01 2.000000000000000000e+00
3.242904762103450689e-01 6.126945132662502402e-01 2.000000000000000000e+00
6.243783038724023404e-01 8.724725334928566944e-01 2.000000000000000000e+00
6.657167098383555137e-01 9.094239091100132510e-01 2.000000000000000000e+00
6.686694433674598148e-01 7.685689312730314970e-01 2.000000000000000000e+00
5.901797390276077859e-01 6.289838796608343552e-01 2.000000000000000000e+00
7.022390367529902644e-01 7.932628310408170735e-01 2.000000000000000000e+00
5.500008359786354717e-01 8.151324247416159574e-01 2.000000000000000000e+00
5.981175096034864191e-01 7.993839927989914163e-01 2.000000000000000000e+00
5.029331124266310793e-01 8.189589138216309960e-01 2.000000000000000000e+00
6.163793071406014068e-01 6.439951782351254206e-01 2.000000000000000000e+00
7.463690953737229794e-01 8.770276787488011649e-01 2.000000000000000000e+00
5.475921830511144561e-01 6.912546181279103363e-01 2.000000000000000000e+00
6.938258154748984108e-01 8.227960783228648323e-01 2.000000000000000000e+00
5.838951538099872440e-01 6.273064038236847439e-01 2.000000000000000000e+00
5.728581038660803815e-01 7.811061000128421972e-01 2.000000000000000000e+00
6.010781551435034897e-01 8.247869968445453726e-01 2.000000000000000000e+00
4.402044980933348395e-01 6.986037806359703950e-01 2.000000000000000000e+00
5.684884589983721925e-01 8.065639504054027409e-01 2.000000000000000000e+00
5.658811400431535965e-01 7.835702300940595721e-01 2.000000000000000000e+00
4.293702330836957626e-01 7.443330175548392713e-01 2.000000000000000000e+00
5.095127240308962024e-01 5.675854599723527683e-01 2.000000000000000000e+00
4.387511801405210576e-01 7.667508352738846567e-01 2.000000000000000000e+00
5.170925188727111266e-01 9.485512691332605995e-01 2.000000000000000000e+00
7.466394720400151286e-01 8.681280526391663699e-01 2.000000000000000000e+00
8.249505227448573619e-01 8.964381496180766629e-01 2.000000000000000000e+00
5.469224916574624284e-01 4.553351313967016201e-01 2.000000000000000000e+00
3.717636691874241506e-01 6.675095079697991318e-01 2.000000000000000000e+00
4.051610409345174912e-01 7.414089837165924735e-01 2.000000000000000000e+00
4.812616668664430608e-01 6.936039625217456095e-01 2.000000000000000000e+00
5.389615836793426595e-01 8.560515490288729268e-01 2.000000000000000000e+00
7.035771165713680109e-01 9.050038828881367126e-01 2.000000000000000000e+00
6.035830239696378108e-01 6.635561111849982430e-01 2.000000000000000000e+00
6.798065111529408844e-01 5.882462234987023697e-01 2.000000000000000000e+00
5.281884470829301126e-01 7.682364007465447564e-01 2.000000000000000000e+00
6.872387068894323381e-01 7.477414509983048019e-01 2.000000000000000000e+00
6.605985378678442821e-01 8.865782040305437706e-01 2.000000000000000000e+00
6.772692233703485609e-01 6.729551287442738783e-01 2.000000000000000000e+00
6.956369900979000320e-01 7.209931093736449137e-01 2.000000000000000000e+00
5.200080019615449523e-01 7.942596657759143364e-01 2.000000000000000000e+00
6.151963862620329904e-01 7.275762939986345490e-01 2.000000000000000000e+00
6.394560249614922309e-01 7.547094823546751652e-01 2.000000000000000000e+00
6.100688034969536933e-01 7.215294863869330388e-01 2.000000000000000000e+00
5.203305874037700285e-01 6.515368214987917739e-01 2.000000000000000000e+00
5.584147937783343618e-01 6.527607919429225802e-01 2.000000000000000000e+00
7.507500903548721682e-01 7.829999457990107770e-01 2.000000000000000000e+00
5.507586133024434671e-01 4.626850294830442412e-01 1.000000000000000000e+00
5.670051797633025581e-01 3.442443453920306928e-01 1.000000000000000000e+00
4.962517572808274879e-01 5.047890197698918779e-01 1.000000000000000000e+00
3.741926766977327623e-01 4.837586259329463845e-01 1.000000000000000000e+00
4.970595989551561678e-01 3.714991659177714900e-01 1.000000000000000000e+00
5.144055863955355745e-01 4.676251612687254977e-01 1.000000000000000000e+00
4.749100945108516991e-01 3.050383272701966964e-01 1.000000000000000000e+00
5.442680668055137616e-01 3.131973985717196318e-01 1.000000000000000000e+00
5.788754484485174601e-01 5.212853821224247008e-01 1.000000000000000000e+00
2.592762090257058061e-01 3.585228720606232766e-01 1.000000000000000000e+00
5.776136371913087597e-01 5.172850787707270470e-01 1.000000000000000000e+00
4.013743028315845396e-01 5.653821937874818904e-01 1.000000000000000000e+00
7.014171421661800077e-01 5.951931550706187624e-01 1.000000000000000000e+00
5.426522981494074083e-01 3.827019958719257153e-01 1.000000000000000000e+00
6.083692507271079020e-01 4.459820399546719494e-01 1.000000000000000000e+00
6.077831509904755292e-01 5.632044922625649708e-01 1.000000000000000000e+00
6.627650530095855474e-01 6.394882759514154413e-01 1.000000000000000000e+00
4.475609425032514577e-01 3.338768530062813933e-01 1.000000000000000000e+00
5.624242263201633119e-01 3.007188185123608748e-01 1.000000000000000000e+00
5.225011111881906478e-01 4.213608001772708445e-01 1.000000000000000000e+00
3.967871404078666120e-01 4.711237777785216574e-01 1.000000000000000000e+00
5.588669473226366424e-01 5.991339823121711872e-01 1.000000000000000000e+00
5.226435138304657002e-01 5.063009330014325293e-01 1.000000000000000000e+00
5.359668657203374709e-01 4.295361391466216427e-01 1.000000000000000000e+00
5.693335382898337960e-01 6.936944254304070467e-01 1.000000000000000000e+00
7.638704823793691645e-01 7.014388403211411216e-01 1.000000000000000000e+00
4.521602380603993998e-01 5.045486229610838258e-01 1.000000000000000000e+00
7.060385480670269276e-01 5.932171018054172018e-01 1.000000000000000000e+00
4.155320194011095092e-01 4.532589632041048588e-01 1.000000000000000000e+00
6.422869058897737737e-01 4.549725467873197982e-01 1.000000000000000000e+00
4.373945742873225906e-01 4.187693136965680574e-01 1.000000000000000000e+00
4.877834950721804952e-01 7.451333942307873937e-01 1.000000000000000000e+00
5.413597794610931491e-01 5.058891951239380402e-01 1.000000000000000000e+00
4.703493319093797753e-01 4.938939714397908021e-01 1.000000000000000000e+00
4.483731595903165390e-01 4.291739119427911975e-01 1.000000000000000000e+00
3.774061766267299278e-01 5.756816474103996217e-01 1.000000000000000000e+00
4.731165183521754414e-01 5.126553959426768392e-01 1.000000000000000000e+00
5.904468615627247452e-01 6.861463302563526323e-01 1.000000000000000000e+00
4.894450093789154965e-01 5.736183719520473456e-01 1.000000000000000000e+00
7.696842110041559604e-01 5.906557814841628673e-01 1.000000000000000000e+00
5.957974977944577866e-01 5.821646369666438892e-01 1.000000000000000000e+00
5.896179253575307699e-01 2.863310390383564941e-01 1.000000000000000000e+00
4.057467490634600327e-01 4.877137239801408453e-01 1.000000000000000000e+00
6.558410761618395091e-01 7.155056913588621059e-01 1.000000000000000000e+00
4.988236349059056440e-01 4.384997201008385415e-01 1.000000000000000000e+00
5.758581613665330057e-01 5.185401396984483657e-01 1.000000000000000000e+00
5.290866251066066450e-01 8.414248119851992502e-01 1.000000000000000000e+00
6.250196851561140576e-01 5.443094865944674288e-01 1.000000000000000000e+00
4.705955772789547353e-01 4.050510492081606517e-01 1.000000000000000000e+00
7.114868858440567267e-01 4.945196413287569204e-01 1.000000000000000000e+00
4.959801052000020194e-01 6.372416485456187107e-01 1.000000000000000000e+00
6.088164029964303614e-01 5.595450961097162557e-01 1.000000000000000000e+00
4.501103590351103745e-01 6.137576093386251097e-01 1.000000000000000000e+00
4.912880714522392944e-01 5.035801618552879777e-01 1.000000000000000000e+00
4.645310396702799216e-01 4.789395359231244931e-01 1.000000000000000000e+00
7.226789439298701989e-01 5.303453526228538717e-01 1.000000000000000000e+00
4.097156274872468251e-01 3.489068281183313469e-01 1.000000000000000000e+00
5.240495849713590060e-01 4.665647512859928403e-01 1.000000000000000000e+00
4.429589246784865209e-01 4.786618300058146924e-01 1.000000000000000000e+00
5.331430167742428061e-01 3.648409127548289388e-01 1.000000000000000000e+00
4.637330634078800085e-01 5.099180519596737682e-01 1.000000000000000000e+00
6.603416922611904383e-01 5.137226648232453563e-01 1.000000000000000000e+00
4.496467448000726619e-01 5.409670163549310518e-01 1.000000000000000000e+00
5.238957601221273519e-01 5.012518957614250370e-01 1.000000000000000000e+00
5.590922828534012901e-01 5.614629647788561551e-01 1.000000000000000000e+00
7.241013258244703987e-01 3.206569003104710047e-01 1.000000000000000000e+00
3.745412292981873392e-01 5.662206410827569369e-01 1.000000000000000000e+00
5.369598566537376882e-01 3.776888432404616469e-01 1.000000000000000000e+00
5.830606950592681637e-01 6.634941758039558657e-01 1.000000000000000000e+00
4.076706864320859269e-01 5.383135138244726781e-01 1.000000000000000000e+00
5.141015780564911486e-01 4.178573613320860636e-01 1.000000000000000000e+00
3.779751707962557550e-01 6.186458166571761064e-01 1.000000000000000000e+00
6.320729964392237665e-01 5.781769421113950314e-01 1.000000000000000000e+00
5.685208052585857263e-01 5.792416732949408065e-01 1.000000000000000000e+00
3.445204652194873707e-01 4.322139438960315161e-01 1.000000000000000000e+00
5.691020951997788346e-01 5.811501950360604685e-01 1.000000000000000000e+00
4.417877038714823623e-01 3.228169930534051657e-01 1.000000000000000000e+00
5.903158058325458368e-01 5.453883163649213550e-01 1.000000000000000000e+00
4.607182456643432178e-01 3.800478774652690239e-01 1.000000000000000000e+00
3.241359578048897960e-01 5.628498804081613072e-01 1.000000000000000000e+00
6.633129004449663801e-01 5.536917911209361387e-01 1.000000000000000000e+00
6.940940338183239078e-01 5.089930559899487061e-01 1.000000000000000000e+00
6.672398584498323570e-01 6.293822444685834849e-01 1.000000000000000000e+00
4.066145442189914028e-01 2.730355776656475664e-01 1.000000000000000000e+00
5.517375380254776474e-01 7.824402800964052052e-01 1.000000000000000000e+00
4.550583952069934268e-01 4.254891151108939340e-01 1.000000000000000000e+00
4.765166946428661676e-01 4.654079762128353615e-01 1.000000000000000000e+00
3.896520785733891268e-01 6.335942877225826386e-01 1.000000000000000000e+00
3.784983210812366550e-01 6.043726962762581145e-01 1.000000000000000000e+00
5.381718879960009083e-01 3.221091438913323834e-01 1.000000000000000000e+00
4.996642800513158011e-01 5.415956578498041241e-01 1.000000000000000000e+00
3.779578063792793929e-01 7.326244667718733172e-01 1.000000000000000000e+00
5.380691677212551260e-01 5.864228236752597745e-01 1.000000000000000000e+00
5.938004576084656705e-01 5.967884129967814255e-01 1.000000000000000000e+00
6.459294141910364440e-01 4.451035462823682010e-01 1.000000000000000000e+00
4.941009586130706843e-01 4.206484153425468220e-01 1.000000000000000000e+00
3.800553145754407280e-01 4.396058665725520176e-01 1.000000000000000000e+00
4.681491634094257503e-01 3.592409023140191726e-01 1.000000000000000000e+00
5.819181493777424441e-01 5.160457439981935845e-01 1.000000000000000000e+00
5.712468701426303141e-01 5.304712012392380771e-01 1.000000000000000000e+00
4.881554119760703192e-01 4.698834327230350660e-01 1.000000000000000000e+00
4.395938223298884173e-01 7.079375886378774796e-01 1.000000000000000000e+00
4.768137321723143751e-01 5.033386579141185813e-01 1.000000000000000000e+00
5.544058496939177072e-01 4.397773725531744504e-01 1.000000000000000000e+00
5.697757345180918254e-01 3.748203766001534931e-01 1.000000000000000000e+00
5.540897063090058916e-01 4.459776457208441958e-01 1.000000000000000000e+00
5.065794330929775935e-01 4.505231310691517055e-01 1.000000000000000000e+00
4.379005845978831690e-01 5.254703253736555668e-01 1.000000000000000000e+00
5.801328470241388091e-01 5.857096540792053885e-01 1.000000000000000000e+00
3.556602841205560028e-01 5.241203013138061584e-01 1.000000000000000000e+00
6.284523657240006500e-01 4.645457055342219199e-01 1.000000000000000000e+00
4.609795855050961011e-01 5.824180163678152056e-01 1.000000000000000000e+00
1.909831234415911572e-01 6.267962425623868628e-01 1.000000000000000000e+00
3.927104716717591537e-01 5.249416014913654838e-01 1.000000000000000000e+00
6.651952529202096454e-01 7.919027927710357018e-01 1.000000000000000000e+00
3.811933229109527033e-01 3.962130819994277853e-01 1.000000000000000000e+00
5.254874152172713808e-01 7.158042933519871420e-01 1.000000000000000000e+00
5.181497892453686971e-01 6.745375327070254334e-01 1.000000000000000000e+00
4.558461026740985300e-01 6.159641529247479319e-01 1.000000000000000000e+00
5.487368840544927240e-01 3.792912841139421953e-01 1.000000000000000000e+00
4.384378479907740656e-01 5.784957369848465758e-01 1.000000000000000000e+00
5.180202790536191371e-01 5.050034804608362071e-01 1.000000000000000000e+00
3.679573670077866954e-01 3.711307907185635302e-01 1.000000000000000000e+00
4.168171615116716411e-01 4.405295604979045931e-01 1.000000000000000000e+00
5.411488796842237603e-01 3.868387885515112701e-01 1.000000000000000000e+00
4.865549335315821344e-01 5.411786038136700006e-01 1.000000000000000000e+00
5.924924024455182625e-01 5.044252161735438555e-01 1.000000000000000000e+00
5.783670472647272076e-01 5.193513948508765576e-01 1.000000000000000000e+00
7.071054191142311929e-01 4.526457528384679185e-01 1.000000000000000000e+00
4.878422562483223368e-01 4.054976513668317462e-01 1.000000000000000000e+00
3.302719414697350975e-01 6.246675325315796945e-01 1.000000000000000000e+00
6.916301169290622886e-01 4.909896683882267188e-01 1.000000000000000000e+00
3.860772533840350351e-01 2.629211212872115677e-01 1.000000000000000000e+00
5.771554666756048002e-01 4.962188996238611760e-01 1.000000000000000000e+00
5.298065349570351135e-01 3.735094735923794596e-01 1.000000000000000000e+00
5.366325247768160001e-01 7.216339403481779602e-01 1.000000000000000000e+00
6.313479729448276956e-01 5.229829834665669086e-01 1.000000000000000000e+00
4.211051051086817099e-01 5.263084804693608509e-01 1.000000000000000000e+00
6.260470997754340461e-01 5.650872190234369485e-01 1.000000000000000000e+00
5.802100406418779777e-01 6.565814856245446585e-01 1.000000000000000000e+00
6.806753500278091007e-01 4.785987481219413642e-01 1.000000000000000000e+00
5.798610606779747156e-01 5.064925420919406118e-01 1.000000000000000000e+00
7.313034104896103393e-01 4.726564553618693432e-01 1.000000000000000000e+00
6.389560166164887089e-01 6.480292383867866102e-01 1.000000000000000000e+00
5.817744408498322084e-01 6.763704461641797394e-01 1.000000000000000000e+00
4.897415562159839197e-01 3.568955843809889505e-01 1.000000000000000000e+00
2.735569025701029555e-01 4.227931382418174677e-01 1.000000000000000000e+00
6.126837154213773395e-01 5.880401354416016080e-01 1.000000000000000000e+00
4.552232423121222449e-01 6.155978986386901886e-01 1.000000000000000000e+00
5.467464396295830253e-01 5.922121122063904730e-01 1.000000000000000000e+00
4.282058409534804655e-01 4.292620377783146757e-01 1.000000000000000000e+00
5.835568537235998887e-01 6.787013406865812781e-01 1.000000000000000000e+00
5.643927502019295828e-01 4.521224240402341721e-01 1.000000000000000000e+00
5.344416143945317499e-01 5.358631697786707671e-01 1.000000000000000000e+00
4.365920216525539521e-01 4.746549090288494366e-01 1.000000000000000000e+00
6.938629038992552012e-01 5.790508959885649620e-01 1.000000000000000000e+00
3.185018222772807439e-01 3.625729066914985532e-01 1.000000000000000000e+00
3.474596439834497508e-01 5.213622078644092328e-01 1.000000000000000000e+00
6.313352634066479174e-01 5.780101048226193861e-01 1.000000000000000000e+00
3.698785502026759597e-01 3.597176350523694222e-01 1.000000000000000000e+00
5.595090986491360052e-01 5.000467904557543974e-01 1.000000000000000000e+00
4.133786524347577984e-01 4.558597380967560619e-01 1.000000000000000000e+00
7.666083549176008205e-01 6.957108355580163828e-01 1.000000000000000000e+00
3.862389548560926089e-01 3.833038489778620717e-01 1.000000000000000000e+00
6.297765225390130617e-01 5.596728048468687655e-01 1.000000000000000000e+00
4.924221134256130394e-01 5.598676206271533395e-01 1.000000000000000000e+00
5.234669462979850696e-01 4.036475930481318031e-01 1.000000000000000000e+00
4.487549691358999615e-01 5.021710059862833919e-01 1.000000000000000000e+00
4.902829429312952625e-01 5.178226656629770774e-01 1.000000000000000000e+00
5.636380810280161580e-01 6.851309911466915148e-01 1.000000000000000000e+00
5.556659738087632583e-01 6.486939148534518473e-01 1.000000000000000000e+00
5.631447721542527374e-01 6.411277313381293919e-01 1.000000000000000000e+00
3.845877025014576289e-01 4.016298412248451855e-01 1.000000000000000000e+00
5.404695366804428414e-01 4.727734136725088021e-01 1.000000000000000000e+00
4.484944115499600037e-01 5.409253179413191503e-01 1.000000000000000000e+00
5.513121084837956376e-01 5.508455576984282454e-01 1.000000000000000000e+00
3.719998977990406352e-01 3.928316651704670814e-01 1.000000000000000000e+00
6.448843542734256085e-01 3.106077200571530916e-01 1.000000000000000000e+00
4.117414641317193591e-01 4.485481213447926052e-01 1.000000000000000000e+00
6.064107912792277011e-01 6.499744243724516757e-01 1.000000000000000000e+00
7.099558031773368638e-01 3.891818824904128005e-01 1.000000000000000000e+00
4.504472355943033857e-01 3.284011197731324105e-01 1.000000000000000000e+00
5.120206800614082177e-01 5.331882813565324009e-01 1.000000000000000000e+00
4.185260131539928485e-01 4.564588060979917206e-01 1.000000000000000000e+00
5.863527050497598925e-01 3.677732459402038301e-01 1.000000000000000000e+00
6.291655032383803858e-01 6.238767113010164067e-01 1.000000000000000000e+00
5.640542422677329304e-01 5.062521448980749073e-01 1.000000000000000000e+00
5.402421676733719647e-01 4.381017313293294468e-01 1.000000000000000000e+00
5.868156802904116454e-01 4.231146033500206571e-01 1.000000000000000000e+00
5.651245814567300574e-01 4.596315072705546290e-01 1.000000000000000000e+00
3.634534893588952653e-01 6.145207756720786341e-01 1.000000000000000000e+00
5.130926241817358457e-01 5.207217586637304940e-01 1.000000000000000000e+00
3.451987328403802180e-01 6.394294318650688425e-01 1.000000000000000000e+00
5.706099568428149027e-01 4.437526263353755440e-01 1.000000000000000000e+00
6.078374883295858400e-01 3.826684549524491108e-01 1.000000000000000000e+00
3.353623514531645089e-01 4.225631201128711711e-01 1.000000000000000000e+00
5.114503268059135133e-01 4.710174291452670081e-01 1.000000000000000000e+00
4.142053959158556453e-01 4.646317714030840373e-01 1.000000000000000000e+00
5.542691313124995522e-01 6.154812328684754474e-01 1.000000000000000000e+00
5.962392079395731903e-01 3.116484054094672551e-01 1.000000000000000000e+00
3.537020517693770794e-01 5.860344632701126599e-01 1.000000000000000000e+00
4.986314513073129562e-01 5.122542283920300532e-01 1.000000000000000000e+00
5.515050706392130575e-01 2.559289445655049122e-01 1.000000000000000000e+00
6.766173411109465130e-01 4.816290606410772446e-01 1.000000000000000000e+00
4.414211709238947678e-01 5.150199021398413901e-01 1.000000000000000000e+00
6.409446936033829090e-01 4.951536021588119896e-01 1.000000000000000000e+00
2.858399520555147677e-01 4.004645766213743019e-01 1.000000000000000000e+00
6.075332793395162856e-01 4.800140403520302690e-01 1.000000000000000000e+00
3.125307161525405775e-01 5.378678845610830317e-01 1.000000000000000000e+00
5.433120905167057035e-01 5.079051985791515067e-01 1.000000000000000000e+00
5.839236965549815528e-01 5.283076020360439884e-01 1.000000000000000000e+00
6.723297454222284530e-01 7.238194519719828302e-01 1.000000000000000000e+00
3.567323439803982699e-01 3.968350982977244534e-01 1.000000000000000000e+00
4.916690082476554147e-01 3.224407100296244888e-01 1.000000000000000000e+00
3.970283873709483102e-01 5.291400439540223655e-01 1.000000000000000000e+00
3.976214416193139534e-01 3.663839550831655689e-01 1.000000000000000000e+00
3.723429984545864602e-01 3.693598267656332257e-01 1.000000000000000000e+00
4.954854458595571165e-01 4.413438149081413964e-01 1.000000000000000000e+00
4.181273606330483394e-01 5.232931713182115141e-01 1.000000000000000000e+00
5.019948184290385917e-01 6.505941459444818387e-01 1.000000000000000000e+00
4.895384132704797553e-01 5.035300519883063597e-01 1.000000000000000000e+00
5.002214371090035749e-01 5.173563982811825168e-01 1.000000000000000000e+00
4.435978184660408496e-01 5.541531609128084179e-01 1.000000000000000000e+00
4.757351082620119298e-01 4.538399334614435787e-01 1.000000000000000000e+00
5.247239535905929841e-01 6.628536026507012568e-01 1.000000000000000000e+00
6.956288676466980681e-01 5.623848243724380858e-01 1.000000000000000000e+00
4.421330185210161079e-01 6.633351736259219811e-01 1.000000000000000000e+00
6.208892316226163333e-01 6.438187152961984960e-01 1.000000000000000000e+00
7.345647990232264668e-01 4.457265129857748698e-01 1.000000000000000000e+00
6.311788909970080796e-01 7.284135227087519260e-01 1.000000000000000000e+00
4.939491523364837877e-01 5.258042998339674812e-01 1.000000000000000000e+00
5.600975812027699785e-01 4.367223526661204724e-01 1.000000000000000000e+00
6.540049236633335150e-01 7.098759389947669751e-01 1.000000000000000000e+00
5.941898680363625340e-01 6.698159022566135823e-01 1.000000000000000000e+00
5.539842620677080109e-01 4.446863446842692635e-01 1.000000000000000000e+00
5.922230629576462624e-01 5.891762850691659725e-01 1.000000000000000000e+00
3.588417445524578198e-01 5.965388161873210748e-01 1.000000000000000000e+00
4.993519282108409008e-01 4.954172845299547601e-01 1.000000000000000000e+00
5.750019669766261998e-01 5.891994191549135840e-01 1.000000000000000000e+00
4.818479982186037458e-01 5.891297742539133298e-01 1.000000000000000000e+00
5.379617074190186088e-01 6.968186235514375326e-01 1.000000000000000000e+00
4.979952778869163321e-01 4.074846623742177099e-01 1.000000000000000000e+00
5.953591771787491993e-01 4.622398544660736852e-01 1.000000000000000000e+00
3.841371420619064114e-01 4.209283574446140985e-01 1.000000000000000000e+00
4.830708428324980708e-01 2.858318978987320347e-01 1.000000000000000000e+00
4.548249531849092309e-01 3.687996350695622039e-01 1.000000000000000000e+00
3.996781953599783388e-01 4.148904663302968032e-01 1.000000000000000000e+00
4.455359536887559258e-01 4.402142315799239536e-01 1.000000000000000000e+00
5.917655706817150918e-01 3.877282455132467498e-01 1.000000000000000000e+00
5.075973362383056076e-01 6.184535452515962373e-01 1.000000000000000000e+00
2.463183503608539215e-01 3.361655276457894970e-01 1.000000000000000000e+00
7.831020517232062383e-01 4.409462666049857593e-01 1.000000000000000000e+00
4.215199829124447461e-01 4.605719610758646776e-01 1.000000000000000000e+00
6.809085564725879669e-01 4.962885847057371125e-01 1.000000000000000000e+00
3.107859370171603963e-01 4.172223239076362500e-01 1.000000000000000000e+00
4.262235683365526162e-01 2.841925235082662926e-01 1.000000000000000000e+00
5.922311316351998034e-01 4.723380106439007964e-01 1.000000000000000000e+00
1.841220512576268453e-01 5.482343676221634876e-01 1.000000000000000000e+00
5.731016700657332041e-01 5.470887494916326643e-01 1.000000000000000000e+00
4.757651586416799527e-01 4.912718121070713817e-01 1.000000000000000000e+00
6.404384744135755980e-01 5.194326345347350937e-01 1.000000000000000000e+00
5.882108729378993095e-01 5.750322253330050204e-01 1.000000000000000000e+00
4.844494421984552046e-01 5.845888963314728182e-01 1.000000000000000000e+00
6.579434918350095529e-01 5.513934216153093537e-01 1.000000000000000000e+00
5.847955229019891066e-01 3.031761790965848413e-01 1.000000000000000000e+00
3.944190762862617716e-01 6.106602928189042157e-01 1.000000000000000000e+00
4.095032131003852327e-01 5.333890538755158284e-01 1.000000000000000000e+00
4.596022424942340923e-01 2.741769393021384338e-01 1.000000000000000000e+00
5.843348564757804287e-01 6.798484288060421266e-01 1.000000000000000000e+00
2.650022885360195368e-01 5.160212556295917796e-01 1.000000000000000000e+00
5.431060255263995273e-01 6.610294271098015040e-01 1.000000000000000000e+00
4.530167157392184230e-01 4.669612729928770412e-01 1.000000000000000000e+00
5.188250011468958922e-01 6.634253760271302536e-01 1.000000000000000000e+00
4.533024191862225494e-01 3.534548533396641434e-01 1.000000000000000000e+00
5.800277476356394679e-01 4.268844858360348327e-01 1.000000000000000000e+00
4.681014437137367978e-01 4.100274917493658133e-01 1.000000000000000000e+00
3.961363870989196845e-01 5.641676533090207446e-01 1.000000000000000000e+00
4.046087889286563155e-01 1.707089713089081917e-01 1.000000000000000000e+00
4.841728340061301483e-01 5.829764249622205741e-01 1.000000000000000000e+00
7.023739097483467919e-01 4.236028849779743810e-01 1.000000000000000000e+00
7.001587624329420612e-01 4.621585144595625749e-01 1.000000000000000000e+00
5.095465100568027372e-01 4.176181769504728747e-01 1.000000000000000000e+00
6.746927387971712875e-01 6.056372069418246573e-01 1.000000000000000000e+00
7.020869645605971598e-01 5.338770070085411268e-01 1.000000000000000000e+00
6.710249715438287854e-01 3.818155323696338921e-01 1.000000000000000000e+00
5.844861520216098061e-01 4.885721954483351892e-01 1.000000000000000000e+00
6.708602334890551022e-01 7.874843697901984241e-01 1.000000000000000000e+00
4.923874669711542085e-01 4.799695743835633577e-01 1.000000000000000000e+00
4.605655107584188390e-01 5.019027571949298272e-01 1.000000000000000000e+00
4.679796998466122515e-01 6.161077484521011449e-01 1.000000000000000000e+00
6.228422030945667265e-01 5.119484765012656258e-01 1.000000000000000000e+00
6.846922575718943360e-01 3.248297998701601408e-01 1.000000000000000000e+00
5.202187263462576539e-01 6.016840171708374152e-01 1.000000000000000000e+00
4.826005646002284322e-01 3.698130306318251348e-01 1.000000000000000000e+00
3.929904170584284651e-01 2.638780586488149726e-01 1.000000000000000000e+00
6.611457806892570011e-01 4.300245274091775705e-01 1.000000000000000000e+00
5.285171190182017531e-01 6.026996669231863279e-01 1.000000000000000000e+00
4.034450675724869373e-01 6.008412680675033757e-01 1.000000000000000000e+00
5.484806788243515863e-01 5.660638665923163337e-01 1.000000000000000000e+00
8.135054153939705879e-01 7.510229403273988025e-01 1.000000000000000000e+00
5.966871073835956496e-01 6.432172780872252860e-01 1.000000000000000000e+00
6.486591521760297629e-01 2.365806115313089930e-01 1.000000000000000000e+00
6.574634987719445434e-01 2.850066148612422912e-01 1.000000000000000000e+00
7.349946421263666707e-01 6.511054355534641180e-01 1.000000000000000000e+00
3.974099873745400857e-01 3.836728209401766287e-01 1.000000000000000000e+00
5.342307160350481254e-01 5.299573608880792097e-01 1.000000000000000000e+00
5.114887534441721062e-01 5.955812480232764994e-01 1.000000000000000000e+00
5.055254170695889782e-01 4.457620534895708198e-01 1.000000000000000000e+00
4.727399177847485534e-01 5.440757625997612035e-01 1.000000000000000000e+00
4.046247418566110143e-01 5.347473871701013959e-01 1.000000000000000000e+00
4.859962757742715134e-01 6.097969132633240807e-01 1.000000000000000000e+00
5.429943077457544121e-01 5.174010744681668550e-01 1.000000000000000000e+00
4.856462199799674306e-01 4.031082471406024492e-01 1.000000000000000000e+00
4.200107212746952978e-01 5.792488956885246676e-01 1.000000000000000000e+00
3.783797997393559820e-01 5.092892469282718215e-01 1.000000000000000000e+00
6.836473324076994817e-01 5.797642812943031299e-01 1.000000000000000000e+00
4.389935792587018049e-01 4.455701321849587226e-01 1.000000000000000000e+00
3.660806874876315620e-01 4.607440638946897482e-01 1.000000000000000000e+00
5.349085751482134388e-01 4.979159311468099314e-01 1.000000000000000000e+00
5.982585942994905759e-01 6.292710595244298544e-01 1.000000000000000000e+00
5.331785858212880758e-01 6.686219757696075794e-01 1.000000000000000000e+00
3.533748092714507627e-01 4.676246694637833379e-01 1.000000000000000000e+00
4.404030083407410867e-01 4.073814771545007374e-01 1.000000000000000000e+00
6.707948490991194612e-01 5.533367661125798698e-01 1.000000000000000000e+00
4.466336269972412398e-01 5.204055741107116440e-01 1.000000000000000000e+00
5.065677167886953880e-01 4.473987705746655941e-01 1.000000000000000000e+00
4.638719667322305784e-01 6.633943862996065644e-01 1.000000000000000000e+00
5.230362134073847091e-01 4.460108340011389449e-01 1.000000000000000000e+00
4.263540161785531746e-01 4.780999526826142376e-01 1.000000000000000000e+00
3.618186857624217101e-01 4.443805320347485321e-01 1.000000000000000000e+00
4.411533443557976164e-01 7.135272762017129677e-01 1.000000000000000000e+00
5.071761931379811239e-01 3.650134822335448503e-01 1.000000000000000000e+00
2.854868904439684107e-01 7.002157604627853305e-01 1.000000000000000000e+00
6.133285214282537812e-01 6.057254920419199440e-01 1.000000000000000000e+00
6.519002103632371981e-01 4.668495571829879842e-01 1.000000000000000000e+00
4.368730253178422784e-01 4.289138086421318552e-01 1.000000000000000000e+00
5.060333188176375785e-01 3.920573696078290538e-01 1.000000000000000000e+00
3.651835644817786886e-01 5.357433696056583816e-01 1.000000000000000000e+00
5.536525112869027376e-01 6.153101510093398341e-01 1.000000000000000000e+00
2.285721342817694790e-01 3.963560372077516436e-01 1.000000000000000000e+00
4.769149105576442893e-01 4.084498614642862457e-01 1.000000000000000000e+00
4.312909859123273404e-01 4.871018464780241808e-01 1.000000000000000000e+00
5.253186069604578456e-01 4.298584637955887300e-01 1.000000000000000000e+00
6.590919867621618522e-01 7.040199824834671993e-01 1.000000000000000000e+00
4.142917196016606129e-01 4.218636035481878599e-01 1.000000000000000000e+00
2.390056979568380979e-01 5.640142791619249252e-01 1.000000000000000000e+00
5.421368039284031326e-01 6.430519121900066803e-01 1.000000000000000000e+00
4.018565476171964690e-01 5.389064575785685873e-01 1.000000000000000000e+00
3.787749839827764253e-01 7.096051400134050224e-01 1.000000000000000000e+00
3.779507215876821147e-01 5.034797824696735091e-01 1.000000000000000000e+00
3.819147722718656546e-01 4.414573073436670603e-01 1.000000000000000000e+00
5.053348589045801864e-01 2.540871927965439592e-01 1.000000000000000000e+00
5.047262685975206775e-01 4.989578986950691242e-01 1.000000000000000000e+00
3.495875711675978104e-01 5.590655793637565596e-01 1.000000000000000000e+00
5.354033596432555830e-01 6.427646926783031622e-01 1.000000000000000000e+00
6.803131119242723512e-01 6.128089688919658995e-01 1.000000000000000000e+00
4.801908897139071097e-01 4.150327028604343660e-01 1.000000000000000000e+00
6.774300685321259508e-01 4.828778066176858119e-01 1.000000000000000000e+00
4.574686074981911266e-01 3.443720879801554502e-01 1.000000000000000000e+00
6.282664386081743269e-01 5.502155547838276650e-01 1.000000000000000000e+00
6.565722908745789121e-01 5.099337608288069257e-01 1.000000000000000000e+00
5.087923773685616435e-01 5.509802934294191212e-01 1.000000000000000000e+00
4.182580184773452281e-01 5.287609829439573472e-01 1.000000000000000000e+00
5.668589308365851176e-01 8.089101444762583082e-01 1.000000000000000000e+00
5.486676635943765756e-01 4.692235852408094821e-01 1.000000000000000000e+00
4.216465793083680746e-01 4.182041972054709733e-01 1.000000000000000000e+00
5.980448503853361686e-01 4.601261023594639399e-01 1.000000000000000000e+00
4.166374490622960503e-01 4.989668817258768874e-01 1.000000000000000000e+00
5.144083507145799095e-01 3.949688796566250826e-01 1.000000000000000000e+00
4.761260904342660694e-01 4.436384073121858451e-01 1.000000000000000000e+00
7.530147488095979558e-01 6.093859111747398360e-01 1.000000000000000000e+00
7.640081143461867619e-01 6.253784865242911772e-01 1.000000000000000000e+00
4.773772741798414376e-01 2.808493850700751193e-01 1.000000000000000000e+00
4.931191249983651881e-01 4.886197862932514790e-01 1.000000000000000000e+00
5.618419885125826019e-01 4.058658084879047112e-01 1.000000000000000000e+00
3.616625608227904132e-01 3.373517624455489861e-01 1.000000000000000000e+00
6.295000024707863018e-01 5.581818006556497069e-01 1.000000000000000000e+00
4.944116035360759942e-01 6.083365209028060994e-01 1.000000000000000000e+00
7.010139215853679051e-01 4.856137875772964518e-01 1.000000000000000000e+00
5.796746536166752506e-01 6.578926580439257155e-01 1.000000000000000000e+00
4.806873911648261166e-01 5.200415369187618708e-01 1.000000000000000000e+00
5.508002464997950876e-01 6.160772130469743812e-01 1.000000000000000000e+00
5.429847450374245543e-01 7.983095598255821601e-01 1.000000000000000000e+00
5.263752044259076834e-01 7.678335736549849466e-01 1.000000000000000000e+00
3.526183597965298899e-01 4.406115130399487212e-01 1.000000000000000000e+00
6.484963645002848054e-01 4.524117084035085834e-01 1.000000000000000000e+00
5.616025002165528912e-01 5.368547626771880132e-01 1.000000000000000000e+00
5.541562428220129233e-01 5.377498104687564728e-01 1.000000000000000000e+00
5.782155728181156418e-01 4.663285260849182046e-01 1.000000000000000000e+00
6.404774870020855104e-01 3.914020315080840029e-01 1.000000000000000000e+00
4.552589641093798267e-01 4.872256231428014339e-01 1.000000000000000000e+00
4.458971145824809357e-01 3.733511871370408519e-01 1.000000000000000000e+00
6.572054649934260251e-01 5.596147034640195361e-01 1.000000000000000000e+00
5.558774532242263255e-01 5.997655013835578863e-01 1.000000000000000000e+00
4.450405042751168772e-01 4.118941392948574087e-01 1.000000000000000000e+00
2.418869589425977906e-01 3.903430987764596738e-01 1.000000000000000000e+00
3.014131973035937828e-01 6.084157644464215364e-01 1.000000000000000000e+00
4.573753551543839335e-01 4.048308227588337527e-01 1.000000000000000000e+00
4.402892029773336491e-01 4.640369249603678581e-01 1.000000000000000000e+00
7.342330946683980342e-01 7.527379014486772490e-01 1.000000000000000000e+00
4.018523319910477509e-01 5.697575514532866592e-01 1.000000000000000000e+00
4.194856278209834199e-01 6.483526729257279575e-01 1.000000000000000000e+00
3.483271994857256026e-01 3.189706471390465481e-01 1.000000000000000000e+00
4.332370455099273099e-01 4.811588669442757871e-01 1.000000000000000000e+00
6.395078165336750553e-01 7.044343028446300448e-01 1.000000000000000000e+00
5.749310949348053201e-01 4.495245973797694639e-01 1.000000000000000000e+00
5.857825553706046406e-01 4.469132546106264758e-01 1.000000000000000000e+00
5.660483155862268134e-01 6.692740347446762827e-01 1.000000000000000000e+00
4.779173619587139821e-01 5.120564553797926077e-01 1.000000000000000000e+00
4.538828563439961106e-01 5.800109910106128197e-01 1.000000000000000000e+00
5.981898714860762745e-01 6.592633711479501946e-01 1.000000000000000000e+00
6.653905516462648162e-01 7.020265447013893656e-01 1.000000000000000000e+00
5.207492857367703731e-01 5.317950472564521025e-01 1.000000000000000000e+00
4.809541627522336826e-01 6.416255899206811941e-01 1.000000000000000000e+00
4.641061051056005193e-01 5.707586287019228433e-01 1.000000000000000000e+00
4.115268091657362515e-01 4.250676256051566515e-01 1.000000000000000000e+00
5.037885894776984452e-01 5.625138439462311624e-01 1.000000000000000000e+00
4.531415353909407084e-01 3.815697290548011877e-01 1.000000000000000000e+00
6.544309536761493407e-01 5.268227936721336935e-01 1.000000000000000000e+00
4.269887309208665882e-01 4.243312155088546644e-01 1.000000000000000000e+00
5.333330924901314996e-01 4.056831078352331477e-01 1.000000000000000000e+00
5.582531567544654072e-01 4.192596732795046410e-01 1.000000000000000000e+00
4.716969874957272491e-01 7.656097292599514104e-01 1.000000000000000000e+00
4.974896780297004550e-01 5.419907628858574578e-01 1.000000000000000000e+00
4.897433357986550329e-01 3.544117011537465944e-01 1.000000000000000000e+00
4.947967864895769785e-01 5.316209579623957238e-01 1.000000000000000000e+00
6.464479068829946939e-01 5.988942126516382247e-01 1.000000000000000000e+00
6.351643193592042547e-01 4.152511555592286463e-01 1.000000000000000000e+00
3.891439581909273415e-01 5.251798027200187402e-01 1.000000000000000000e+00
4.823762345328959644e-01 4.607404050992800482e-01 1.000000000000000000e+00
5.456380972543399821e-01 3.793612348052380345e-01 1.000000000000000000e+00
4.153552704344956048e-01 4.866337956235994300e-01 1.000000000000000000e+00
8.533159549048101589e-01 5.920447804835228256e-01 1.000000000000000000e+00
3.189245031393062590e-01 4.168265972313341394e-01 1.000000000000000000e+00
4.443563560160270209e-01 4.897750403861572677e-01 1.000000000000000000e+00
4.730365591250551560e-01 4.756725493804285776e-01 1.000000000000000000e+00
5.196110317232158771e-01 5.499873367880105945e-01 1.000000000000000000e+00
6.016891307214079498e-01 5.154986766281591803e-01 1.000000000000000000e+00
1.731655237777197931e-01 2.089791873073091888e-01 0.000000000000000000e+00
3.109840898513990815e-01 2.751502267891955955e-01 0.000000000000000000e+00
1.780770892385133142e-01 3.223535818511958362e-01 0.000000000000000000e+00
2.156767677188231869e-01 2.719049018250328520e-01 0.000000000000000000e+00
4.692334802220001211e-01 5.971857254141067495e-01 0.000000000000000000e+00
4.164760968198072399e-01 5.798101098964603128e-01 0.000000000000000000e+00
5.058497327495417029e-01 3.511875170902549192e-01 0.000000000000000000e+00
3.692239188035724706e-01 2.956452454538328611e-01 0.000000000000000000e+00
5.454902711812534832e-01 6.012636739590982993e-01 0.000000000000000000e+00
2.287080367315460772e-01 3.911757090424084482e-01 0.000000000000000000e+00
4.133685751471969927e-01 3.503675528920981441e-01 0.000000000000000000e+00
3.605709109560498171e-01 1.341945049692757630e-01 0.000000000000000000e+00
4.219397530171457578e-01 3.730994162387429869e-01 0.000000000000000000e+00
4.450715327694669821e-01 2.983558954411549835e-01 0.000000000000000000e+00
4.355471214083954101e-01 2.938962041948210424e-01 0.000000000000000000e+00
3.719932319964303069e-01 3.952864074900009350e-01 0.000000000000000000e+00
3.233624755826293162e-01 3.114543349811616513e-01 0.000000000000000000e+00
3.864391875140280042e-01 4.260407877058459691e-01 0.000000000000000000e+00
2.715176657998380483e-01 1.880421444514539520e-01 0.000000000000000000e+00
4.727059273238610748e-01 3.798890651401144458e-01 0.000000000000000000e+00
3.805181310015152141e-01 4.155533306987170272e-01 0.000000000000000000e+00
5.578770488764565050e-01 2.392342245711740201e-01 0.000000000000000000e+00
5.643105568581369136e-01 3.733382804666872112e-01 0.000000000000000000e+00
3.650035548569203203e-01 5.129800654336069687e-01 0.000000000000000000e+00
3.453819169435219383e-01 2.650852988496578133e-01 0.000000000000000000e+00
2.335882014732532652e-01 3.238544259233206435e-01 0.000000000000000000e+00
3.642364854741440006e-01 1.854243027877597316e-01 0.000000000000000000e+00
3.448638405421901587e-01 5.352647611544193440e-01 0.000000000000000000e+00
4.197358826726476089e-01 3.495877187617845161e-01 0.000000000000000000e+00
4.443212012383869203e-01 4.044963332563831782e-01 0.000000000000000000e+00
4.081799319741542531e-01 3.735724575048091078e-01 0.000000000000000000e+00
3.614205658533770071e-01 3.284375102590300632e-01 0.000000000000000000e+00
4.183267284748941606e-01 2.695936966821336211e-01 0.000000000000000000e+00
4.822511666328876956e-01 3.788757390472846098e-01 0.000000000000000000e+00
5.027474691487392455e-01 5.489823470517734005e-01 0.000000000000000000e+00
4.038484819718862751e-01 5.315763340129706638e-01 0.000000000000000000e+00
3.659298647792326720e-01 3.344194647453970215e-01 0.000000000000000000e+00
3.211497389793238622e-01 2.675776217121625944e-01 0.000000000000000000e+00
2.729717329946689253e-01 4.689646030586873682e-01 0.000000000000000000e+00
4.166826490122965687e-01 2.486518025254802200e-01 0.000000000000000000e+00
3.531105847415800802e-01 5.148571489377029575e-01 0.000000000000000000e+00
5.073971732164284099e-01 3.232579355317917180e-01 0.000000000000000000e+00
2.525848315957106016e-01 5.436517551615094312e-01 0.000000000000000000e+00
2.231424881967401797e-01 3.987962111673616916e-01 0.000000000000000000e+00
4.957337974823128324e-01 4.400487040939291550e-01 0.000000000000000000e+00
4.790637276929571309e-01 5.835671659783013832e-01 0.000000000000000000e+00
4.246825493209632763e-01 2.484380765209560638e-01 0.000000000000000000e+00
4.135702409868054485e-01 4.625946077503719778e-01 0.000000000000000000e+00
2.750241514948750798e-01 1.924011018434513831e-01 0.000000000000000000e+00
5.250076522656835776e-01 3.768989372818801753e-01 0.000000000000000000e+00
3.967752116098288151e-01 2.717176153941731620e-01 0.000000000000000000e+00
3.678355993500896370e-01 3.741263952752800770e-01 0.000000000000000000e+00
4.905642426045340732e-01 3.636629193883921252e-01 0.000000000000000000e+00
5.019994152149506172e-01 1.899656902573040596e-01 0.000000000000000000e+00
3.592403142783925918e-01 2.330014726013465431e-01 0.000000000000000000e+00
4.141767690093463017e-01 2.196116939161904535e-01 0.000000000000000000e+00
3.296978863169730545e-01 5.796880683616359997e-01 0.000000000000000000e+00
3.476439457388353915e-01 3.691223739179234631e-01 0.000000000000000000e+00
3.589981663370762077e-01 4.314791713633663872e-01 0.000000000000000000e+00
4.685031156475598091e-01 4.735483702351604984e-01 0.000000000000000000e+00
3.178671704018370958e-01 3.405552969377328987e-01 0.000000000000000000e+00
3.375617199002228785e-01 3.170418587182785020e-01 0.000000000000000000e+00
2.282748180198962418e-01 3.607351935194558767e-01 0.000000000000000000e+00
2.421712181813872877e-01 5.014462746694896556e-01 0.000000000000000000e+00
4.142222221299420304e-01 6.433834855826906507e-01 0.000000000000000000e+00
4.090268717256581588e-01 5.288307247040449077e-01 0.000000000000000000e+00
3.996995173381474586e-01 5.070766229112529944e-01 0.000000000000000000e+00
5.317295824584160613e-01 3.806259605118509914e-01 0.000000000000000000e+00
2.224165931637054894e-01 3.532386596577379856e-01 0.000000000000000000e+00
1.571446238708655296e-01 2.480902897089422854e-01 0.000000000000000000e+00
3.867412366637095200e-01 3.478512051987471265e-01 0.000000000000000000e+00
5.265278248461814359e-01 3.255261863438811964e-01 0.000000000000000000e+00
2.084761997101049757e-01 3.821822843331336150e-01 0.000000000000000000e+00
3.376158342697252457e-01 3.806586206606291656e-01 0.000000000000000000e+00
2.464790304458683856e-01 2.223910045465724294e-01 0.000000000000000000e+00
2.665133683878225801e-01 2.706904683500912512e-01 0.000000000000000000e+00
5.133788878957690205e-01 2.504263208995988199e-01 0.000000000000000000e+00
3.343458969876520470e-01 3.785275307415086887e-01 0.000000000000000000e+00
3.899270921661636136e-01 4.337666338374371877e-01 0.000000000000000000e+00
4.020525325729851218e-01 2.071261565171154673e-01 0.000000000000000000e+00
4.552765133830684596e-01 3.444967013665329869e-01 0.000000000000000000e+00
2.709580453344926920e-01 2.919741988908001185e-01 0.000000000000000000e+00
3.031686252546244020e-01 3.470190357409794757e-01 0.000000000000000000e+00
3.928868983906516621e-01 4.539418286031526861e-01 0.000000000000000000e+00
4.941163935177161903e-01 2.155276092652200493e-01 0.000000000000000000e+00
4.103184191970415950e-01 3.400231273295815648e-01 0.000000000000000000e+00
4.266903801435671939e-01 2.176031915141747042e-01 0.000000000000000000e+00
3.561238033691156990e-01 5.358649915887606641e-01 0.000000000000000000e+00
4.431127385363808346e-01 2.454608826489536322e-01 0.000000000000000000e+00
3.793914185992756094e-01 4.212574469503673757e-01 0.000000000000000000e+00
5.270252024633619303e-01 4.653751489494114546e-01 0.000000000000000000e+00
4.651668355069615290e-01 3.764611478818531975e-01 0.000000000000000000e+00
3.397361949940851944e-01 2.340058575535086949e-01 0.000000000000000000e+00
3.767920728502985317e-01 3.293427304775239928e-01 0.000000000000000000e+00
3.363213282138526883e-01 3.898626293637999507e-01 0.000000000000000000e+00
2.697822186773846109e-01 2.378879556202500301e-01 0.000000000000000000e+00
3.774836149191670431e-01 4.862605085372386782e-01 0.000000000000000000e+00
4.205770593080913611e-01 2.633881560918854489e-02 0.000000000000000000e+00
3.917519511490353823e-01 3.173780788244318640e-01 0.000000000000000000e+00
4.990463210735781585e-01 3.567061660430227432e-01 0.000000000000000000e+00
2.880529545832836713e-01 4.005481280474058048e-01 0.000000000000000000e+00
4.615660823504214583e-01 2.246670748114040772e-01 0.000000000000000000e+00
5.718981025016192099e-01 4.049951155276374504e-01 0.000000000000000000e+00
4.241406597357022523e-01 3.289320511381237933e-01 0.000000000000000000e+00
4.134083990497589567e-01 2.469601002357755815e-01 0.000000000000000000e+00
4.165916532663970218e-01 5.067639407581643329e-01 0.000000000000000000e+00
2.831085873404362019e-01 2.585968894644563032e-01 0.000000000000000000e+00
3.426231086105402390e-01 4.206770625495566129e-01 0.000000000000000000e+00
5.175433307252289561e-01 2.334143264107177151e-01 0.000000000000000000e+00
2.502115848608708615e-01 2.310683838768737841e-01 0.000000000000000000e+00
3.945282426233112094e-01 3.745929945317155729e-01 0.000000000000000000e+00
1.808537936731901274e-01 1.939850230662475417e-01 0.000000000000000000e+00
3.481528849686931215e-01 3.888864417210664559e-01 0.000000000000000000e+00
3.916239189282120225e-01 2.978455575393139099e-01 0.000000000000000000e+00
3.465559181338035977e-01 5.187119135128587244e-01 0.000000000000000000e+00
5.218507790157285164e-01 4.319356028795828251e-01 0.000000000000000000e+00
3.706355263195209027e-01 2.165577483553752236e-01 0.000000000000000000e+00
2.647282726824025656e-01 5.407289506486611108e-01 0.000000000000000000e+00
3.373981643937685182e-01 1.735672909702603295e-01 0.000000000000000000e+00
3.124093646456936879e-01 2.496971879696835706e-01 0.000000000000000000e+00
5.325902140970016907e-01 4.581373165477736764e-01 0.000000000000000000e+00
2.605094653029923490e-01 3.517326606323180060e-01 0.000000000000000000e+00
1.717546519772270297e-01 3.133114493019450997e-01 0.000000000000000000e+00
3.142987821193780063e-01 4.321601374068366197e-01 0.000000000000000000e+00
3.720737412453386517e-01 3.873431722534807498e-01 0.000000000000000000e+00
3.459428111003970407e-01 3.713625569554698802e-01 0.000000000000000000e+00
2.092686200230930438e-01 3.704907388452180483e-01 0.000000000000000000e+00
3.292366259434974518e-01 2.528112842868154297e-01 0.000000000000000000e+00
4.214064953155703397e-01 3.416383314582561725e-01 0.000000000000000000e+00
3.333216284792211437e-01 1.657746370544907477e-01 0.000000000000000000e+00
2.691630897032673553e-01 2.279974100083057564e-01 0.000000000000000000e+00
4.185808514222922327e-01 3.096520852291173576e-01 0.000000000000000000e+00
3.610477797889262708e-01 2.021151064814479814e-01 0.000000000000000000e+00
5.124235371640359915e-01 5.053945993259312264e-01 0.000000000000000000e+00
4.162522376425750181e-01 4.361758649532317955e-01 0.000000000000000000e+00
4.591251324172281323e-01 3.205456021832450708e-01 0.000000000000000000e+00
5.852152688431285776e-01 5.009057317733074388e-01 0.000000000000000000e+00
2.740153678894202138e-01 3.993803397158047774e-01 0.000000000000000000e+00
2.640015488511424646e-01 3.207140514816572141e-01 0.000000000000000000e+00
4.609237153155891220e-01 4.409913487919632780e-01 0.000000000000000000e+00
3.835010918011955705e-01 2.277836849274501585e-01 0.000000000000000000e+00
3.083342097887791788e-01 4.933030105036837476e-01 0.000000000000000000e+00
2.652814109222959016e-01 3.489249658607506688e-01 0.000000000000000000e+00
5.189611617286838952e-01 2.862110095196627735e-01 0.000000000000000000e+00
6.010812866922138342e-01 3.744946692468656968e-01 0.000000000000000000e+00
3.090791487575639818e-01 2.962956417238465368e-01 0.000000000000000000e+00
2.693960650643716925e-01 2.614278688654168015e-01 0.000000000000000000e+00
2.295658128901413020e-01 2.014093443169003850e-01 0.000000000000000000e+00
4.469858086556121046e-01 2.838465815282728566e-01 0.000000000000000000e+00
3.773298754597952387e-01 3.240363088011349868e-01 0.000000000000000000e+00
2.331078638755359755e-01 3.511156023746957455e-01 0.000000000000000000e+00
4.817470084943640263e-01 3.538226772215510851e-01 0.000000000000000000e+00
4.231001743930785097e-01 2.451262351321771282e-01 0.000000000000000000e+00
2.122099987969083001e-01 4.040678386348892093e-01 0.000000000000000000e+00
3.183016537313031469e-01 5.256039810362866938e-01 0.000000000000000000e+00
3.093186438476502320e-01 5.804244170631750466e-01 0.000000000000000000e+00
3.747933645603988007e-01 4.939294937651325657e-01 0.000000000000000000e+00
3.482503849177599475e-01 2.663821303934175710e-01 0.000000000000000000e+00
2.302243076933882249e-01 4.961883571244629088e-01 0.000000000000000000e+00
3.513618725540062493e-01 2.711977528225785750e-01 0.000000000000000000e+00
1.621973008475318390e-01 3.720894331001888267e-01 0.000000000000000000e+00
4.615764884334061513e-01 4.621307200149231686e-01 0.000000000000000000e+00
2.929409084869499802e-01 5.345915956308603390e-01 0.000000000000000000e+00
4.747962136084478701e-01 5.835033546368796342e-01 0.000000000000000000e+00
4.882396158537740116e-01 2.754965060839824620e-01 0.000000000000000000e+00
4.841697296617844537e-01 5.097954040431859069e-01 0.000000000000000000e+00
2.897073591425968764e-01 4.147055429831436602e-01 0.000000000000000000e+00
2.258947822594584709e-01 3.557649093888872183e-01 0.000000000000000000e+00
3.512143952049393003e-01 3.615582334820074961e-01 0.000000000000000000e+00
3.048550587909545362e-01 4.136356868445685842e-01 0.000000000000000000e+00
3.276660769845178289e-01 2.542496437217460770e-01 0.000000000000000000e+00
4.180441841179164397e-01 3.746985315435218400e-01 0.000000000000000000e+00
5.023447949443500260e-01 2.972779342183480833e-01 0.000000000000000000e+00
4.423021953425253505e-01 4.285183297794490920e-01 0.000000000000000000e+00
5.299374254118788263e-01 3.803083664090227689e-01 0.000000000000000000e+00
2.087314991438865563e-01 4.478437840272832537e-01 0.000000000000000000e+00
2.880017884957075114e-01 3.734780689349582183e-01 0.000000000000000000e+00
4.901258049350721846e-01 2.953904668083116580e-01 0.000000000000000000e+00
3.641076469620060929e-01 3.845788461539392245e-01 0.000000000000000000e+00
4.134488452247817025e-01 2.275940043565386484e-01 0.000000000000000000e+00
1.371325442662469640e-01 3.614338157836306520e-01 0.000000000000000000e+00
4.734619366128648976e-01 5.327638410557750115e-01 0.000000000000000000e+00
3.501546408466929550e-01 2.978096984421697013e-01 0.000000000000000000e+00
4.990349299822839368e-01 4.335723673721805227e-01 0.000000000000000000e+00
2.426759875455740401e-01 1.182620843498468632e-01 0.000000000000000000e+00
4.664542358202035111e-01 4.293517761631220897e-01 0.000000000000000000e+00
4.430688369720260922e-01 3.368149170776568724e-01 0.000000000000000000e+00
4.105929068746093646e-01 2.761528071857758393e-01 0.000000000000000000e+00
3.119079987575719137e-01 2.607242842146988981e-01 0.000000000000000000e+00
3.963186058912073206e-01 2.190642254292269608e-01 0.000000000000000000e+00
3.630176147708976675e-01 3.136550125972530911e-01 0.000000000000000000e+00
3.292892884244056351e-01 3.397509764317411252e-01 0.000000000000000000e+00
5.868083014716483081e-01 3.737060402118455582e-01 0.000000000000000000e+00
5.256354634971722728e-01 3.030206255428819495e-01 0.000000000000000000e+00
4.052180115723612031e-01 4.480269728889443304e-01 0.000000000000000000e+00
3.016490390824161927e-01 2.208437469263093977e-01 0.000000000000000000e+00
3.121759136142567281e-01 3.030577531948535075e-01 0.000000000000000000e+00
5.709388344315501351e-01 3.477080939774850332e-01 0.000000000000000000e+00
4.648764756647949525e-01 3.084640789815335515e-01 0.000000000000000000e+00
3.029721050559914808e-01 3.238045248730613834e-01 0.000000000000000000e+00
3.435606172630694677e-01 2.188464549458710162e-01 0.000000000000000000e+00
4.042926966452239923e-01 4.119457931123058358e-01 0.000000000000000000e+00
9.848867349737708277e-02 3.927868612739783272e-01 0.000000000000000000e+00
2.865542932026015621e-01 3.994504129517540969e-01 0.000000000000000000e+00
5.404878561948535109e-01 4.188003611431778128e-01 0.000000000000000000e+00
3.909019547144801376e-01 3.755546347882557368e-01 0.000000000000000000e+00
3.347829710151052351e-01 4.326809159290250228e-01 0.000000000000000000e+00
3.882074295809061493e-01 4.624233682528838818e-01 0.000000000000000000e+00
2.493825758306154050e-01 4.135957735038937599e-01 0.000000000000000000e+00
3.418256614680348915e-01 2.563617536883747716e-01 0.000000000000000000e+00
2.318757366628680372e-01 7.471042041613609741e-02 0.000000000000000000e+00
4.013423001652285937e-01 4.859559528789521576e-01 0.000000000000000000e+00
3.801172375456494668e-01 4.476265449885709069e-01 0.000000000000000000e+00
4.163149916089063374e-01 2.587506061268074475e-01 0.000000000000000000e+00
4.019008425915889804e-01 2.607506579865484508e-01 0.000000000000000000e+00
2.898782100427967356e-01 5.201245424183260635e-01 0.000000000000000000e+00
2.851678056285079088e-01 2.963181432782791003e-01 0.000000000000000000e+00
3.521628059793560639e-01 1.084054352193689341e-01 0.000000000000000000e+00
3.283002705519504349e-01 4.040078325977540241e-01 0.000000000000000000e+00
2.831340143875094029e-01 2.747485882824601267e-01 0.000000000000000000e+00
3.363010316813202505e-01 3.006259277253682805e-01 0.000000000000000000e+00
4.644938019193564638e-01 3.409477275722322953e-01 0.000000000000000000e+00
4.436707786564900724e-01 4.098247995543571331e-01 0.000000000000000000e+00
3.472166218156755302e-01 3.562004942211532410e-01 0.000000000000000000e+00
3.795945357525640218e-01 2.443687418895886532e-01 0.000000000000000000e+00
4.006967363844712859e-01 2.722385261137043599e-01 0.000000000000000000e+00
2.743145667344572547e-01 2.853406782438714373e-01 0.000000000000000000e+00
3.147091978592225225e-01 4.594859363686306652e-01 0.000000000000000000e+00
1.798838676719971552e-01 2.124213545501053846e-01 0.000000000000000000e+00
5.527728055253869899e-01 3.523430011075958657e-01 0.000000000000000000e+00
4.758734530335334556e-01 3.872207892919021233e-01 0.000000000000000000e+00
4.973131651382086127e-01 5.054202290451739188e-01 0.000000000000000000e+00
3.547363426233769435e-01 3.197574164793778873e-01 0.000000000000000000e+00
6.478186515377015731e-01 5.625494685475997958e-01 0.000000000000000000e+00
1.507553192754107485e-01 3.749597533157155160e-01 0.000000000000000000e+00
3.335525092715324602e-01 2.846772968195313003e-01 0.000000000000000000e+00
4.249262227498512012e-01 4.739194216730817089e-01 0.000000000000000000e+00
3.241912450268940593e-01 1.683289324256214692e-01 0.000000000000000000e+00
3.442227090884000251e-01 4.820315147164764280e-01 0.000000000000000000e+00
5.282789435160425429e-01 2.597733087488178216e-01 0.000000000000000000e+00
3.341679675964273621e-01 4.937057716165476617e-01 0.000000000000000000e+00
2.043772476758921874e-01 4.801319014747256753e-01 0.000000000000000000e+00
3.047855876290516131e-01 2.835974126322780009e-01 0.000000000000000000e+00
3.314361263981045469e-01 3.146983801062242514e-01 0.000000000000000000e+00
5.379995209254552213e-01 3.473830285541245066e-01 0.000000000000000000e+00
2.199153499630469022e-01 2.689310185759183347e-01 0.000000000000000000e+00
4.387930343549500400e-01 4.515881843460249345e-01 0.000000000000000000e+00
3.572576743802938215e-01 2.973969698507438753e-01 0.000000000000000000e+00
3.300217072591863920e-01 4.587637109529086321e-01 0.000000000000000000e+00
3.180732879186956019e-01 2.920832980225597231e-01 0.000000000000000000e+00
3.771312147465294418e-01 2.156013735676273746e-01 0.000000000000000000e+00
3.542057526488773811e-01 3.996268895251915976e-01 0.000000000000000000e+00
2.884258861491852954e-01 4.072577678023832082e-01 0.000000000000000000e+00
3.248227183135059537e-01 4.238385300763226060e-01 0.000000000000000000e+00
4.345408426303545291e-01 2.878431662228113641e-01 0.000000000000000000e+00
3.525712322772120433e-01 3.229596287089952500e-01 0.000000000000000000e+00
3.501310524021856163e-01 4.125629921974360848e-01 0.000000000000000000e+00
3.279259142808296223e-01 3.122713753681813365e-01 0.000000000000000000e+00
1.829757924874527153e-01 4.606118575251644254e-01 0.000000000000000000e+00
2.397498607421952310e-01 4.398252140844678415e-01 0.000000000000000000e+00
4.092369979365351185e-01 3.855073362528795289e-01 0.000000000000000000e+00
2.567497391079882618e-01 3.510791357802932611e-01 0.000000000000000000e+00
4.919463115254279484e-01 2.168895167440509919e-01 0.000000000000000000e+00
6.681652953227705527e-02 3.284993834395444900e-01 0.000000000000000000e+00
4.461677452277483247e-01 2.187829409652033985e-01 0.000000000000000000e+00
3.488381068716450151e-01 4.774879168135756635e-01 0.000000000000000000e+00
2.925448367499662305e-01 3.563177363129193531e-01 0.000000000000000000e+00
2.954865560913670364e-01 2.929152150043428660e-01 0.000000000000000000e+00
3.142775241230231775e-01 1.423538522691953634e-01 0.000000000000000000e+00
2.199915855122255570e-01 3.143596312364546619e-01 0.000000000000000000e+00
3.599840120814444266e-01 3.295893770248244370e-01 0.000000000000000000e+00
5.759089129922460026e-01 4.292168000118442017e-01 0.000000000000000000e+00
4.762259680543631801e-01 3.212736338590516660e-01 0.000000000000000000e+00
5.310263438903894961e-01 3.880275696318526979e-01 0.000000000000000000e+00
4.283567516883084458e-01 2.228600420474775301e-01 0.000000000000000000e+00
3.028857450879215985e-01 3.389465969176216897e-01 0.000000000000000000e+00
4.082183445923788789e-01 3.156998497479898136e-01 0.000000000000000000e+00
2.344079144140115978e-01 3.280367808800642715e-01 0.000000000000000000e+00
3.774324104629944165e-01 3.763468983372857957e-01 0.000000000000000000e+00
4.641870456930600741e-01 2.203830350512118175e-01 0.000000000000000000e+00
4.986131996009436351e-01 5.653176675885307478e-01 0.000000000000000000e+00
4.602124881465237127e-01 2.470937686232078656e-01 0.000000000000000000e+00
3.004788073665451420e-01 3.523250088691516346e-01 0.000000000000000000e+00
3.324797797942908306e-01 3.431082655058883546e-01 0.000000000000000000e+00
2.883772701767694513e-01 5.146771938960305048e-01 0.000000000000000000e+00
4.912087444849780327e-01 2.688497884531870219e-01 0.000000000000000000e+00
4.231521687866474091e-01 4.609977860058296906e-01 0.000000000000000000e+00
1.780314642617344123e-01 3.267489709012371679e-01 0.000000000000000000e+00
2.024355481032560911e-01 4.564693127156720931e-01 0.000000000000000000e+00
5.329630953808406346e-01 3.791051957148012241e-01 0.000000000000000000e+00
3.049227157205218197e-01 2.700126328350965776e-01 0.000000000000000000e+00
3.752978993555574627e-01 3.451405547439244659e-01 0.000000000000000000e+00
2.564313649294024944e-01 3.714771436052275444e-01 0.000000000000000000e+00
2.979234563283231774e-01 4.314389258125398974e-01 0.000000000000000000e+00
1.621254869207754690e-01 3.145906784512769172e-01 0.000000000000000000e+00
4.006911232316839877e-01 4.311033502408561091e-01 0.000000000000000000e+00
3.678792698062299804e-01 2.982364012260379504e-01 0.000000000000000000e+00
4.877381775014442145e-01 5.721368523551240148e-01 0.000000000000000000e+00
2.609999775356011131e-01 4.527960995731721838e-01 0.000000000000000000e+00
2.532621939528363342e-01 4.297517956742291090e-01 0.000000000000000000e+00
3.203774744508151584e-01 3.037585773189001026e-01 0.000000000000000000e+00
1.830976537415295313e-01 3.919152730062562817e-01 0.000000000000000000e+00
2.008887391281020951e-01 3.259339025118570543e-01 0.000000000000000000e+00
4.674350756039560295e-01 2.279392171773333142e-01 0.000000000000000000e+00
6.137751870459116077e-01 3.942969004892974416e-01 0.000000000000000000e+00
2.433797701760098964e-01 6.046626494889367071e-02 0.000000000000000000e+00
1.392138033236501315e-01 1.845051050630545364e-01 0.000000000000000000e+00
2.072175733389743368e-01 3.688892617079762015e-01 0.000000000000000000e+00
3.861389152426394911e-01 2.983282523228797944e-01 0.000000000000000000e+00
3.830909811144358468e-01 4.646646925315455756e-01 0.000000000000000000e+00
3.863391401335019570e-01 3.353828565477592893e-01 0.000000000000000000e+00
2.510922386227462111e-01 4.116096946831357406e-01 0.000000000000000000e+00
2.961379830146316228e-01 2.893277876184043862e-01 0.000000000000000000e+00
3.798268576378848183e-01 3.512525278026777387e-01 0.000000000000000000e+00
4.910391736661365303e-01 4.493084918520438564e-01 0.000000000000000000e+00
4.679370694735665581e-01 3.756841915219754635e-01 0.000000000000000000e+00
3.911084495810998041e-01 2.135764194457686338e-01 0.000000000000000000e+00
3.029087486136962659e-01 4.578854555050627106e-01 0.000000000000000000e+00
3.391697263886568336e-01 2.979860888379797790e-01 0.000000000000000000e+00
4.592726891140591627e-01 4.621133122101231394e-01 0.000000000000000000e+00
4.590911024075212121e-01 2.369145782940087208e-01 0.000000000000000000e+00
3.959462809399579286e-01 2.921902627064034141e-01 0.000000000000000000e+00
3.345602946873187378e-01 3.491569133356408061e-01 0.000000000000000000e+00
2.774281007918409925e-01 2.295906189773295747e-01 0.000000000000000000e+00
4.351842208460266481e-01 3.463824171749315672e-01 0.000000000000000000e+00
4.233233965709288782e-01 4.530489781156509244e-01 0.000000000000000000e+00
2.621058624400187664e-01 3.695694461049637836e-01 0.000000000000000000e+00
2.824200857656408159e-01 3.679715015292743252e-01 0.000000000000000000e+00
2.368450856168379248e-01 2.376627238179404300e-01 0.000000000000000000e+00
2.990101528417933308e-01 4.246599715275763964e-01 0.000000000000000000e+00
4.320186298677389791e-01 1.353155418198982440e-01 0.000000000000000000e+00
4.062026554142943446e-01 1.791409788710158768e-01 0.000000000000000000e+00
3.011840993403289701e-01 2.656045579911378574e-01 0.000000000000000000e+00
4.359535559792359627e-01 4.813551142401645833e-01 0.000000000000000000e+00
4.981426564472976604e-01 2.957401968597302977e-01 0.000000000000000000e+00
4.890402931087767802e-01 4.438480345480172451e-01 0.000000000000000000e+00
3.342190252458384636e-01 2.676243749847348474e-01 0.000000000000000000e+00
3.278709985630956503e-01 4.443906715797343310e-01 0.000000000000000000e+00
4.580432499988478789e-01 4.346089891363908997e-01 0.000000000000000000e+00
3.597418553673540909e-01 3.139544907605998358e-01 0.000000000000000000e+00
4.435595929724158726e-01 5.677041813606401588e-01 0.000000000000000000e+00
3.960172184953907881e-01 3.336653409634824929e-01 0.000000000000000000e+00
4.986658052824470277e-01 5.076893366589293466e-01 0.000000000000000000e+00
1.780761207422082715e-01 3.589968950454299201e-01 0.000000000000000000e+00
4.749805447578605566e-01 4.006937151833624422e-01 0.000000000000000000e+00
4.240258253009649980e-01 5.258494012228706049e-01 0.000000000000000000e+00
3.857100918208037910e-01 4.626529476982609856e-01 0.000000000000000000e+00
4.183077441345769976e-01 4.750708760894773452e-01 0.000000000000000000e+00
4.200357212703973442e-01 2.008972963289012426e-01 0.000000000000000000e+00
4.002713422547522493e-01 3.276856367378662149e-01 0.000000000000000000e+00
5.384029947338268007e-01 3.807171243380191306e-01 0.000000000000000000e+00
2.364088850894706939e-01 2.405420763187972877e-01 0.000000000000000000e+00
4.686081800654419149e-01 3.708220667831102491e-01 0.000000000000000000e+00
2.255212710484520433e-01 4.188008657183488470e-01 0.000000000000000000e+00
4.069242613401410358e-01 5.209035648765023563e-01 0.000000000000000000e+00
4.111552546334706348e-01 3.418949578559077329e-01 0.000000000000000000e+00
3.499802755634067175e-01 3.218708910812128621e-01 0.000000000000000000e+00
4.666493381262282192e-01 3.740488521669296240e-01 0.000000000000000000e+00
4.660688961316221679e-01 3.564077039396250091e-01 0.000000000000000000e+00
4.156950813710575954e-01 1.618236889295306680e-01 0.000000000000000000e+00
4.703047399639205262e-01 1.935976401587092277e-01 0.000000000000000000e+00
2.994763593482685504e-01 3.072190678397838659e-01 0.000000000000000000e+00
4.064134319106346011e-02 4.223780170314120341e-01 0.000000000000000000e+00
4.507881865215988548e-01 3.398672089627240434e-01 0.000000000000000000e+00
2.872089838091054781e-01 4.397207828868134327e-01 0.000000000000000000e+00
1.349248193967214349e-01 5.120691676453402730e-01 0.000000000000000000e+00
3.654734155696696685e-01 1.989844128055211214e-01 0.000000000000000000e+00
4.301153252416745620e-01 3.835177248613179657e-01 0.000000000000000000e+00
3.868724654289106835e-01 2.962236854666603358e-01 0.000000000000000000e+00
1.631814093160636192e-01 4.030915058417020580e-01 0.000000000000000000e+00
4.600524331572804493e-01 3.364835392335918662e-01 0.000000000000000000e+00
3.651347643882785765e-01 4.302833631776524226e-01 0.000000000000000000e+00
2.722685785603515263e-01 3.435720955951029887e-01 0.000000000000000000e+00
4.778074801858594456e-01 4.045437650499759119e-01 0.000000000000000000e+00
4.404185756295920240e-01 2.605675296137729413e-01 0.000000000000000000e+00
3.668262836050835696e-01 2.255991839168523527e-01 0.000000000000000000e+00
3.345050617825418016e-01 4.071517285657990648e-01 0.000000000000000000e+00
2.286597315241470363e-01 3.393088801851427694e-01 0.000000000000000000e+00
3.956659522379635807e-01 2.565394760616513392e-01 0.000000000000000000e+00
2.830965575542353507e-01 4.725257289121133630e-01 0.000000000000000000e+00
3.566957792232499647e-01 1.603318748306677699e-01 0.000000000000000000e+00
3.755574431331898944e-01 4.121143201448833615e-01 0.000000000000000000e+00
2.897819422791599875e-01 4.608452272798739813e-01 0.000000000000000000e+00
2.107807341551899416e-01 3.807587940771693935e-01 0.000000000000000000e+00
3.169615333622689546e-01 2.771484450969630697e-01 0.000000000000000000e+00
5.377166480593906783e-01 1.846975004735290360e-01 0.000000000000000000e+00
2.782492433144436172e-01 2.496034283603582593e-01 0.000000000000000000e+00
3.694192109384733524e-01 1.890363489229543725e-01 0.000000000000000000e+00
2.631276582227429772e-01 2.522578869793863365e-01 0.000000000000000000e+00
2.858553077368027884e-01 1.547403254098245751e-01 0.000000000000000000e+00
3.053904779404607583e-01 4.714049025399572601e-01 0.000000000000000000e+00
3.291192340478096834e-01 2.648864852990079899e-01 0.000000000000000000e+00
4.163883366519373075e-01 3.546381298526913861e-01 0.000000000000000000e+00
2.019616880611112275e-01 1.971736585393148999e-01 0.000000000000000000e+00
1.642821701803976742e-01 0.000000000000000000e+00 0.000000000000000000e+00
4.656064316526415392e-01 3.247197570712121450e-01 0.000000000000000000e+00
3.336646032628152181e-01 4.882684654551419090e-01 0.000000000000000000e+00
3.067239843065404092e-01 3.150513551327171480e-01 0.000000000000000000e+00
4.518786862185624753e-01 4.577592482562370946e-01 0.000000000000000000e+00
5.689963832572059177e-01 5.645228649988842662e-01 0.000000000000000000e+00
3.933424305223651718e-01 2.424570656056989348e-01 0.000000000000000000e+00
2.449308981486570114e-01 3.270435172319597905e-01 0.000000000000000000e+00
4.351659538137208627e-01 3.334244574638225989e-01 0.000000000000000000e+00
3.112507204495618685e-01 1.596502722585848300e-01 0.000000000000000000e+00
5.005058934183651553e-01 5.933414586918810407e-01 0.000000000000000000e+00
4.736247075989759581e-01 4.471663335531004813e-01 0.000000000000000000e+00
4.642147982639229231e-01 4.318350029650931954e-01 0.000000000000000000e+00
2.554164866799963352e-01 2.018157015807358623e-01 0.000000000000000000e+00
4.129695277895638061e-01 3.552974218555456365e-01 0.000000000000000000e+00
4.808492207615956970e-01 4.303836486977039022e-01 0.000000000000000000e+00
3.810258395373418705e-01 2.035170584315214859e-01 0.000000000000000000e+00
4.967483601947527139e-01 2.528411158455442509e-01 0.000000000000000000e+00
2.299218377145008652e-01 3.969244340339366239e-01 0.000000000000000000e+00
3.651448255012225697e-01 4.199306855119686044e-01 0.000000000000000000e+00
4.168880142585972837e-01 2.866296410644638137e-01 0.000000000000000000e+00
2.632250805198713683e-01 3.503918051400319311e-01 0.000000000000000000e+00
4.403341462398703832e-01 2.993578762442333230e-01 0.000000000000000000e+00
5.734446248522079292e-01 4.480249344397754241e-01 0.000000000000000000e+00
4.888799769171210952e-01 1.912909438718251032e-01 0.000000000000000000e+00
4.733080636605472846e-01 4.897521005147075779e-01 0.000000000000000000e+00
3.292678198483396379e-01 4.030466456322276958e-01 0.000000000000000000e+00
3.352585311620136510e-01 5.238271504404737877e-01 0.000000000000000000e+00
5.582653069680876268e-01 3.268878164110145534e-01 0.000000000000000000e+00
3.575445245380042270e-01 2.997664683622635051e-01 0.000000000000000000e+00
1.726694383229347152e-01 2.505468936601304430e-01 0.000000000000000000e+00
1.495142074886192107e-01 3.069297660057421773e-01 0.000000000000000000e+00
4.911149459794981187e-01 1.817548130841747656e-01 0.000000000000000000e+00
3.309045059645051023e-01 3.373867424481215016e-01 0.000000000000000000e+00
3.018883397614668951e-01 3.582011144997002683e-01 0.000000000000000000e+00
3.932596860409266482e-01 3.959597795473771553e-01 0.000000000000000000e+00
4.390700795246009758e-01 2.654840475460895077e-01 0.000000000000000000e+00
4.809342237967691447e-01 5.996318799327808868e-01 0.000000000000000000e+00
3.025976678039168366e-01 3.534838145737204118e-01 0.000000000000000000e+00
5.737866383054204267e-01 2.644664586079087387e-01 0.000000000000000000e+00
4.337851267560343116e-01 4.167963209323066187e-01 0.000000000000000000e+00
4.173614044848128479e-01 3.011988790464614207e-01 0.000000000000000000e+00
5.750633645234487501e-01 4.842235312539832637e-01 0.000000000000000000e+00
3.289153140341042336e-01 4.289585699702498367e-01 0.000000000000000000e+00
