5.443275653645960332e-01 6.245104955731602958e-01 2.000000000000000000e+00
5.946847584636557604e-01 7.239129230522657332e-01 2.000000000000000000e+00
7.001803251625901003e-01 7.824920787935673028e-01 2.000000000000000000e+00
6.012620210006133226e-01 9.718117061284475833e-01 2.000000000000000000e+00
6.319952159310551210e-01 7.485024897620667916e-01 2.000000000000000000e+00
4.942782587762548085e-01 6.088010789147709767e-01 2.000000000000000000e+00
6.096246991187582731e-01 6.767235710772840918e-01 2.000000000000000000e+00
7.689924401559828926e-01 8.609240389201019417e-01 2.000000000000000000e+00
5.942904523992131871e-01 8.204212794967201683e-01 2.000000000000000000e+00
4.559311639839805363e-01 7.442887841620846601e-01 2.000000000000000000e+00
4.008385171104345557e-01 6.088358499372998889e-01 2.000000000000000000e+00
6.252431040586843292e-01 8.420960100057421904e-01 2.000000000000000000e+00
5.505891379095223526e-01 6.860830311527860159e-01 2.000000000000000000e+00
6.128869344074470149e-01 9.223689280340562346e-01 2.000000000000000000e+00
6.548295115967268654e-01 8.596050067807128325e-01 2.000000000000000000e+00
8.162824160279943397e-01 8.252907004710275940e-01 2.000000000000000000e+00
6.923107462906510357e-01 6.989743153697709488e-01 2.000000000000000000e+00
7.347992943131210763e-01 9.654694364132103690e-01 2.000000000000000000e+00
7.576957768363642431e-01 8.937802253358397842e-01 2.000000000000000000e+00
7.170277060046377215e-01 7.983233409164715022e-01 2.000000000000000000e+00
5.564149261358353193e-01 6.782221363418848847e-01 2.000000000000000000e+00
5.841347385432734685e-01 8.968691586273601635e-01 2.000000000000000000e+00
4.678322515381462265e-01 7.457987548710617309e-01 2.000000000000000000e+00
6.021740102837963571e-01 8.841902056199533178e-01 2.000000000000000000e+00
5.856181233065071989e-01 6.818762228165825556e-01 2.000000000000000000e+00
4.790352100329754448e-01 1.000000000000000000e+00 2.000000000000000000e+00
6.353078897697833627e-01 9.408958522030308469e-01 2.000000000000000000e+00
5.766549967318802539e-01 7.599881267369098525e-01 2.000000000000000000e+00
5.362184364417501570e-01 7.084119342856559642e-01 2.000000000000000000e+00
7.677801154829765329e-01 8.762236703934198623e-01 2.000000000000000000e+00
5.047912445548284888e-01 7.735591226824589661e-01 2.000000000000000000e+00
6.427064262257774496e-01 8.084694168841366491e-01 2.000000000000000000e+00
4.457883968159412347e-01 8.022445441205329209e-01 2.000000000000000000e+00
5.488332040485121022e-01 6.237723593095622077e-01 2.000000000000000000e+00
7.366235101598334056e-01 9.237075046942052614e-01 2.000000000000000000e+00
7.612474638873828470e-01 9.329447261307743933e-01 2.000000000000000000e+00
4.435862791474364242e-01 7.911210865874519493e-01 2.000000000000000000e+00
5.662553321687946450e-01 8.973157873988104605e-01 2.000000000000000000e+00
7.417717299431707545e-01 9.931105400381529114e-01 2.000000000000000000e+00
4.929205128564670413e-01 7.388503270914275056e-01 2.000000000000000000e+00
3.891774112503158523e-01 6.707253019198240462e-01 2.000000000000000000e+00
6.574541618902794982e-01 8.760418814564387979e-01 2.000000000000000000e+00
7.536020618925798331e-01 7.336719346640571127e-01 2.000000000000000000e+00
4.556666153769404759e-01 7.318735263833993088e-01 2.000000000000000000e+00
6.938044351365512119e-01 8.418051031139982543e-01 2.000000000000000000e+00
7.227564236983083923e-01 6.737625974267280604e-01 2.000000000000000000e+00
5.349031690653204274e-01 6.676534753338424499e-01 2.000000000000000000e+00
6.866005357956974642e-01 6.864785430994736481e-01 2.000000000000000000e+00
7.703732046900954034e-01 8.358553137140974920e-01 2.000000000000000000e+00
5.168976066564122673e-01 7.900936096853135027e-01 2.000000000000000000e+00
7.593643652890588180e-01 7.486682732008456131e-01 2.000000000000000000e+00
7.612068231138984231e-01 8.224515466157351629e-01 2.000000000000000000e+00
5.782012603548916108e-01 8.584277996829871027e-01 2.000000000000000000e+00
5.904703131101679547e-01 8.578599452408012249e-01 2.000000000000000000e+00
6.291455603840925281e-01 7.760642803251847077e-01 2.000000000000000000e+00
5.201270960956803080e-01 7.485190470214679870e-01 2.000000000000000000e+00
4.068136491181514325e-01 7.328840832056987553e-01 2.000000000000000000e+00
5.916235070804650720e-01 7.762694423315916747e-01 2.000000000000000000e+00
7.532863471685873336e-01 7.398935489740576799e-01 2.000000000000000000e+00
4.789528040388996155e-01 6.273814402202950724e-01 2.000000000000000000e+00
6.550311016843641809e-01 6.996520994167396701e-01 2.000000000000000000e+00
4.830667873478667884e-01 8.374224969628090154e-01 2.000000000000000000e+00
7.692302189316340133e-01 8.283040917288330141e-01 2.000000000000000000e+00
5.929362217463280960e-01 8.890319589026619562e-01 2.000000000000000000e+00
6.098162757036763582e-01 7.469591295385743512e-01 2.000000000000000000e+00
5.962073473595769224e-01 9.216547238512596829e-01 2.000000000000000000e+00
5.930860652664844412e-01 8.545849406429840700e-01 2.000000000000000000e+00
6.576315103411506380e-01 8.667314728425943304e-01 2.000000000000000000e+00
6.911804472245067776e-01 8.377164241385461896e-01 2.000000000000000000e+00
6.110037491402137144e-01 6.366517473623951595e-01 2.000000000000000000e+00
6.708651827896408015e-01 6.672547184997080771e-01 2.000000000000000000e+00
8.074734218407346731e-01 8.469858000885086557e-01 2.000000000000000000e+00
7.668929042693057863e-01 7.670114042261181320e-01 2.000000000000000000e+00
5.878929172624038912e-01 5.877280803745236204e-01 2.000000000000000000e+00
3.349546937238703781e-01 8.886833116206408478e-01 2.000000000000000000e+00
6.861185805053968689e-01 7.198428545745644280e-01 2.000000000000000000e+00
5.022611715286335876e-01 7.887563997287692086e-01 2.000000000000000000e+00
5.914959205225540639e-01 5.948497639513580237e-01 2.000000000000000000e+00
5.063938102065701496e-01 7.765427603080836683e-01 2.000000000000000000e+00
6.704739831448457421e-01 8.363073902046556096e-01 2.000000000000000000e+00
6.779453641627606331e-01 9.317621532431866749e-01 2.000000000000000000e+00
4.899073099297593381e-01 7.291471816736689870e-01 2.000000000000000000e+00
7.631039316700832797e-01 8.852477645689660335e-01 2.000000000000000000e+00
5.022922172142827435e-01 6.125223017030803074e-01 2.000000000000000000e+00
6.502060587493005972e-01 9.489185257006744756e-01 2.000000000000000000e+00
6.683885438277393787e-01 6.747865041195566516e-01 2.000000000000000000e+00
7.695632001903505159e-01 6.632568532899498770e-01 2.000000000000000000e+00
3.141982014625848696e-01 7.763708888550697740e-01 2.000000000000000000e+00
6.852180930052566010e-01 8.132919923459814848e-01 2.000000000000000000e+00
6.772867833748172917e-01 9.384755755063004523e-01 2.000000000000000000e+00
5.917211191830069605e-01 7.988781113582612559e-01 2.000000000000000000e+00
5.193880210665117181e-01 7.877247008831899100e-01 2.000000000000000000e+00
7.171236931067578313e-01 7.877221563054598308e-01 2.000000000000000000e+00
5.355184374416447346e-01 9.007537852526197319e-01 2.000000000000000000e+00
3.009262688979505995e-01 5.555758895114482065e-01 2.000000000000000000e+00
7.601548680684580006e-01 9.912461540662945714e-01 2.000000000000000000e+00
5.997391678433354745e-01 7.665373744983434712e-01 2.000000000000000000e+00
7.236868232812453394e-01 8.338441007184053122e-01 2.000000000000000000e+00
6.795577559378039867e-01 7.433855159809655833e-01 2.000000000000000000e+00
6.464530990013205303e-01 8.368048147765986267e-01 2.000000000000000000e+00
5.995905094676988734e-01 4.667329535077446301e-01 1.000000000000000000e+00
5.132843339252459725e-01 6.168340687870332850e-01 1.000000000000000000e+00
4.980802585506883817e-01 7.457138917346326501e-01 1.000000000000000000e+00
5.366728614589806323e-01 5.188505802020545454e-01 1.000000000000000000e+00
5.243400348215276896e-01 4.874522258978239431e-01 1.000000000000000000e+00
5.554800373921747747e-01 4.435594275849662482e-01 1.000000000000000000e+00
6.464262765130325272e-01 4.726797671440752246e-01 1.000000000000000000e+00
6.865188221667478663e-01 6.109611149975250344e-01 1.000000000000000000e+00
6.461692435179122729e-01 6.337798505796660153e-01 1.000000000000000000e+00
4.772629115279659606e-01 5.770670936226854897e-01 1.000000000000000000e+00
4.472795344941788431e-01 5.068821964522182144e-01 1.000000000000000000e+00
4.952395124468436105e-01 6.247773669886490522e-01 1.000000000000000000e+00
5.677442843389811644e-01 5.203484228998298544e-01 1.000000000000000000e+00
2.716466926277900651e-01 4.688814493637333825e-01 1.000000000000000000e+00
6.078739455607270470e-01 7.165641953319304980e-01 1.000000000000000000e+00
3.727529497594047614e-01 4.547464449241697126e-01 1.000000000000000000e+00
5.188444676785897158e-01 4.658642516447393800e-01 1.000000000000000000e+00
4.132892947421490382e-01 2.138100070516325835e-01 1.000000000000000000e+00
5.497547260820622173e-01 5.619437681383312455e-01 1.000000000000000000e+00
6.507534045675545942e-01 6.029617507528340914e-01 1.000000000000000000e+00
5.214241738616920419e-01 5.073839424168820056e-01 1.000000000000000000e+00
4.540083031237286959e-01 4.291625434521713078e-01 1.000000000000000000e+00
6.018219422692354659e-01 7.041406833155621214e-01 1.000000000000000000e+00
7.101332123541542751e-01 6.327577240204067532e-01 1.000000000000000000e+00
5.212532621618475304e-01 5.517539283087034008e-01 1.000000000000000000e+00
2.472779248858300027e-01 5.812959168339336680e-01 1.000000000000000000e+00
3.276557038246453724e-01 5.761500428237497085e-01 1.000000000000000000e+00
4.523216939543396320e-01 3.960954633562919769e-01 1.000000000000000000e+00
3.144407942335535888e-01 4.519211567374226135e-01 1.000000000000000000e+00
6.335313243628277746e-01 5.617418194139205401e-01 1.000000000000000000e+00
5.957743296364849117e-01 5.941972000273220145e-01 1.000000000000000000e+00
5.283268917083168148e-01 5.214420998321016576e-01 1.000000000000000000e+00
6.200380673029225465e-01 5.870839866509450777e-01 1.000000000000000000e+00
4.552008755010810148e-01 3.515487456028533741e-01 1.000000000000000000e+00
3.773371327860642332e-01 6.449894691000839231e-01 1.000000000000000000e+00
5.256670184318749106e-01 5.146023015123605271e-01 1.000000000000000000e+00
6.203453744828746341e-01 8.316643592779400240e-01 1.000000000000000000e+00
5.349191794626673158e-01 7.565694494632275724e-01 1.000000000000000000e+00
4.788123493080642112e-01 3.863211556722053186e-01 1.000000000000000000e+00
6.729879491864073637e-01 4.709809899310261616e-01 1.000000000000000000e+00
5.451923123353972223e-01 5.442281509415785035e-01 1.000000000000000000e+00
5.998654244412386927e-01 5.567297793455958654e-01 1.000000000000000000e+00
6.255368421293245884e-01 7.029473233556996492e-01 1.000000000000000000e+00
8.068738354661573187e-01 5.307871867355150597e-01 1.000000000000000000e+00
4.373333620149869594e-01 2.900275816422569486e-01 1.000000000000000000e+00
4.871540300799863665e-01 4.819284952705605862e-01 1.000000000000000000e+00
6.905031437435622532e-01 6.787429190519733702e-01 1.000000000000000000e+00
6.190413795626646953e-01 6.229710288164930221e-01 1.000000000000000000e+00
6.194116519389077924e-01 6.576212071329652353e-01 1.000000000000000000e+00
4.678281157845871063e-01 6.163112456432795483e-01 1.000000000000000000e+00
5.944498186745517110e-01 5.079106608927281830e-01 1.000000000000000000e+00
3.862208611815877712e-01 5.416432264554015275e-01 1.000000000000000000e+00
4.399853364282237944e-01 6.461409380608206243e-01 1.000000000000000000e+00
6.088957716997219771e-01 3.572428092909007424e-01 1.000000000000000000e+00
5.447938616566623260e-01 5.882332326912350640e-01 1.000000000000000000e+00
6.356304066938117669e-01 6.649009775884295870e-01 1.000000000000000000e+00
5.422939408315333720e-01 7.065661916491808858e-01 1.000000000000000000e+00
5.554257186290491033e-01 4.605168837924096814e-01 1.000000000000000000e+00
4.856131521417550445e-01 4.781447161397870960e-01 1.000000000000000000e+00
5.484176798181118473e-01 5.527314001357774842e-01 1.000000000000000000e+00
7.776869349063633141e-01 6.723749949934877401e-01 1.000000000000000000e+00
6.278785145130499901e-01 6.407036757893134205e-01 1.000000000000000000e+00
3.870973300216726809e-01 5.282089440505073341e-01 1.000000000000000000e+00
3.945461673859519403e-01 6.479580973353842310e-01 1.000000000000000000e+00
4.731372627840382816e-01 5.752616074195765483e-01 1.000000000000000000e+00
5.892484362857949298e-01 5.456376524535783146e-01 1.000000000000000000e+00
4.212381662932829784e-01 6.803341703891176984e-01 1.000000000000000000e+00
4.670513791414405702e-01 6.315173901703226012e-01 1.000000000000000000e+00
4.238753815018251325e-01 4.871555009969603112e-01 1.000000000000000000e+00
5.885373125936896876e-01 4.182445865480781122e-01 1.000000000000000000e+00
5.754112346520046106e-01 5.325471663724002935e-01 1.000000000000000000e+00
5.435952576559314187e-01 6.592501558440647669e-01 1.000000000000000000e+00
4.067312567091291853e-01 4.632311342039910906e-01 1.000000000000000000e+00
5.705805224322311187e-01 3.976973398089412304e-01 1.000000000000000000e+00
6.173898975260401212e-01 7.054358148924054772e-01 1.000000000000000000e+00
6.411540896410262702e-01 5.109732029848799151e-01 1.000000000000000000e+00
4.859812466799466324e-01 5.857369418309832376e-01 1.000000000000000000e+00
5.672173410732841425e-01 5.740160222003859447e-01 1.000000000000000000e+00
5.646589499959655534e-01 5.846732707493598191e-01 1.000000000000000000e+00
4.723747347984459943e-01 4.652965224313142523e-01 1.000000000000000000e+00
5.957014420867202675e-01 4.667903759277919895e-01 1.000000000000000000e+00
2.420906251188322811e-01 5.130328781252444514e-01 1.000000000000000000e+00
6.156322223535322102e-01 5.345218939844694761e-01 1.000000000000000000e+00
4.962643306710927682e-01 6.893010929215688254e-01 1.000000000000000000e+00
4.089747894793648308e-01 4.604255838045728799e-01 1.000000000000000000e+00
4.718597062524370611e-01 7.140394853420611865e-01 1.000000000000000000e+00
5.003877750313195927e-01 3.366619811163247267e-01 1.000000000000000000e+00
6.057397222577652895e-01 5.149407951483941925e-01 1.000000000000000000e+00
4.683706569195369429e-01 6.911062218027509418e-01 1.000000000000000000e+00
7.067936755866310872e-01 5.725878917638637100e-01 1.000000000000000000e+00
4.634184990754123823e-01 5.381446304955337379e-01 1.000000000000000000e+00
5.263169259642498377e-01 2.766676533152891970e-01 1.000000000000000000e+00
5.755630998304199775e-01 5.901482848580436036e-01 1.000000000000000000e+00
4.221221279279276373e-01 5.086046691753398630e-01 1.000000000000000000e+00
4.655696853719585304e-01 5.332354395503249300e-01 1.000000000000000000e+00
4.477754534823607524e-01 4.770141704637745894e-01 1.000000000000000000e+00
6.109729125304306230e-01 4.626010820867138551e-01 1.000000000000000000e+00
5.631327971798290033e-01 6.596188115059715695e-01 1.000000000000000000e+00
5.056622418648414330e-01 4.392047758202101693e-01 1.000000000000000000e+00
4.544765973645517043e-01 2.370854799316259587e-01 1.000000000000000000e+00
6.920651454018978965e-01 6.427632900180725306e-01 1.000000000000000000e+00
5.777484988701161450e-01 5.289311112151622307e-01 1.000000000000000000e+00
4.686684200843787007e-01 3.976983304203903224e-01 1.000000000000000000e+00
7.119806390252224615e-01 5.711590773418480094e-01 1.000000000000000000e+00
4.979528121673210128e-01 5.210660781074178960e-01 1.000000000000000000e+00
4.204077059319162868e-01 3.562166464144786993e-01 1.000000000000000000e+00
3.087673153351487287e-01 2.837326725703918084e-01 1.000000000000000000e+00
3.864570664548931389e-01 6.019902003911364874e-01 1.000000000000000000e+00
4.886897448472548033e-01 3.860964259717689639e-01 1.000000000000000000e+00
5.902465930850570031e-01 6.063726831464045786e-01 1.000000000000000000e+00
5.055745828230613359e-01 6.442763256630549273e-01 1.000000000000000000e+00
5.491291287007187272e-01 5.527753020644818882e-01 1.000000000000000000e+00
5.201774395020329900e-01 6.606579946736941267e-01 1.000000000000000000e+00
4.890582862996058489e-01 5.276442122216959962e-01 1.000000000000000000e+00
5.315384880368971832e-01 5.200957554232292779e-01 1.000000000000000000e+00
6.756209701522521982e-01 7.182929006001197436e-01 1.000000000000000000e+00
5.657150320605164318e-01 6.267102485771938181e-01 1.000000000000000000e+00
5.713890270432844254e-01 6.861548037057588756e-01 1.000000000000000000e+00
6.543088356251126614e-01 5.503103904630191057e-01 1.000000000000000000e+00
4.879118873602130146e-01 5.437841058068040301e-01 1.000000000000000000e+00
6.527224595243008576e-01 3.930899506717266401e-01 1.000000000000000000e+00
7.146456304647543778e-01 5.084304322250631225e-01 1.000000000000000000e+00
3.917198069533012195e-01 5.808988614849088794e-01 1.000000000000000000e+00
3.407414711096255489e-01 4.599493880606514429e-01 1.000000000000000000e+00
5.900338148312157527e-01 5.945740316304553019e-01 1.000000000000000000e+00
5.264050282631204114e-01 5.893813080992454934e-01 1.000000000000000000e+00
6.348245863826339486e-01 5.814323321236749553e-01 1.000000000000000000e+00
3.517823680307848311e-01 3.654675838066048787e-01 1.000000000000000000e+00
5.568882403951115334e-01 6.379311422287280431e-01 1.000000000000000000e+00
6.785199100833868568e-01 5.141249990526389757e-01 1.000000000000000000e+00
4.783128930062800488e-01 3.561147310500737961e-01 1.000000000000000000e+00
5.181775982349561271e-01 5.801555796903479223e-01 1.000000000000000000e+00
5.448386666281146429e-01 4.932347643605251020e-01 1.000000000000000000e+00
5.574199975615339309e-01 6.888766920237087144e-01 1.000000000000000000e+00
7.043683536129671241e-01 4.182059127585361913e-01 1.000000000000000000e+00
3.636571046949720332e-01 5.911353995303808562e-01 1.000000000000000000e+00
3.791226130424443230e-01 4.152984670268818346e-01 1.000000000000000000e+00
3.408348650685141812e-01 4.900733278606508869e-01 1.000000000000000000e+00
5.482105845524694043e-01 5.094625857621071230e-01 1.000000000000000000e+00
4.647809312458506259e-01 4.056725070670813005e-01 1.000000000000000000e+00
4.227064026697258670e-01 5.419618034254536365e-01 1.000000000000000000e+00
4.442038220875899612e-01 6.192494458696641280e-01 1.000000000000000000e+00
4.398177908463410946e-01 2.649841227115387055e-01 1.000000000000000000e+00
6.063934724968467194e-01 5.595134971692561354e-01 1.000000000000000000e+00
3.258927216219810186e-01 5.121648872598616453e-01 1.000000000000000000e+00
6.083913346605035466e-01 5.787336997735186284e-01 1.000000000000000000e+00
4.745815664280697010e-01 7.932144840407258091e-01 1.000000000000000000e+00
5.332835696768338796e-01 3.619031380376620533e-01 1.000000000000000000e+00
5.931515006981108451e-01 5.481181535496849611e-01 1.000000000000000000e+00
4.493327710876661163e-01 4.771206457774088694e-01 1.000000000000000000e+00
3.930033851208097340e-01 6.386661514844140797e-01 1.000000000000000000e+00
7.499546595944917016e-01 6.097551633833988571e-01 1.000000000000000000e+00
4.941315187929632424e-01 7.043566855724487930e-01 1.000000000000000000e+00
4.946830052034112968e-01 6.848846395337253590e-01 1.000000000000000000e+00
5.208200935022154754e-01 5.785768113965684689e-01 1.000000000000000000e+00
4.117756158417317791e-01 6.477221879333479038e-01 1.000000000000000000e+00
6.413143854721121695e-01 6.507674588040159858e-01 1.000000000000000000e+00
5.098111858675580255e-01 5.723939967319796596e-01 1.000000000000000000e+00
6.787382049852836996e-01 6.294629396805500043e-01 1.000000000000000000e+00
5.126699164654654473e-01 6.509130365066463364e-01 1.000000000000000000e+00
4.308741270502089438e-01 4.892366743615555458e-01 1.000000000000000000e+00
5.759407052871867716e-01 7.184095282287019657e-01 1.000000000000000000e+00
5.457264510203387875e-01 5.530594342456833790e-01 1.000000000000000000e+00
4.626884422639429006e-01 4.294916896716735044e-01 1.000000000000000000e+00
4.600524150768907083e-01 4.838934752269536954e-01 1.000000000000000000e+00
4.944777536949163665e-01 4.555836010982527440e-01 1.000000000000000000e+00
3.881667570649062204e-01 6.397699867718894540e-01 1.000000000000000000e+00
3.733108740615093124e-01 5.405680117660166539e-01 1.000000000000000000e+00
4.266714986527575526e-01 4.471090073623013028e-01 1.000000000000000000e+00
5.190775446112574354e-01 4.536266226023908943e-01 1.000000000000000000e+00
3.953434703518264870e-01 5.107406408788763841e-01 1.000000000000000000e+00
6.288836469789058636e-01 6.315598591241394777e-01 1.000000000000000000e+00
4.812201277364173135e-01 6.275156392659652083e-01 1.000000000000000000e+00
6.282807367302438717e-01 5.944615921058600261e-01 1.000000000000000000e+00
4.925566921824134359e-01 5.945707577198641181e-01 1.000000000000000000e+00
7.513829146998024511e-01 5.640592591947348744e-01 1.000000000000000000e+00
6.157346744201286359e-01 4.551016280398730851e-01 1.000000000000000000e+00
4.585790970643622289e-01 4.169757047181082421e-01 1.000000000000000000e+00
5.426100668039018915e-01 5.867899255997605090e-01 1.000000000000000000e+00
3.686879878914812725e-01 4.635982176265306398e-01 1.000000000000000000e+00
5.395309809458624928e-01 4.761543925885708406e-01 1.000000000000000000e+00
5.948383308883526954e-01 5.941115746918013141e-01 1.000000000000000000e+00
5.611381520711499205e-01 4.781557784301793679e-01 1.000000000000000000e+00
4.974922426246524143e-01 6.746925128959655460e-01 1.000000000000000000e+00
6.921854773595803589e-01 4.116259857115175391e-01 1.000000000000000000e+00
3.432992178206947242e-01 4.129229563063355757e-01 1.000000000000000000e+00
6.058906601635010158e-01 5.851942753800588592e-01 1.000000000000000000e+00
4.676762890779321280e-01 5.907878205053928022e-01 1.000000000000000000e+00
5.433831024678186239e-01 2.997764603748652723e-01 1.000000000000000000e+00
6.423660630861875998e-01 5.022259074334550766e-01 1.000000000000000000e+00
4.584858608978985561e-01 5.825569465048284767e-01 1.000000000000000000e+00
4.636254883951693717e-01 5.568097341553212010e-01 1.000000000000000000e+00
6.691055792868702001e-01 5.842458886062088519e-01 1.000000000000000000e+00
5.657241560671508740e-01 5.311957433810585716e-01 1.000000000000000000e+00
6.846831827835695439e-01 5.979469422369427800e-01 1.000000000000000000e+00
4.800403119317106504e-01 5.785975476387230643e-01 1.000000000000000000e+00
4.105349066983430828e-01 5.616789566685270740e-01 1.000000000000000000e+00
5.916268628106239325e-01 5.503671356511358193e-01 1.000000000000000000e+00
6.688208068256434879e-01 6.356338190123740350e-01 1.000000000000000000e+00
5.910984941773672618e-01 6.963014383044375810e-01 1.000000000000000000e+00
5.428646234865653897e-01 4.814798185694473820e-01 1.000000000000000000e+00
7.063759351706990763e-01 6.376106802133670870e-01 1.000000000000000000e+00
3.356071984313274137e-01 5.665581828393416730e-01 1.000000000000000000e+00
6.148508198468618513e-01 5.856075947024371731e-01 1.000000000000000000e+00
5.427607706688517553e-01 5.107345218803169828e-01 1.000000000000000000e+00
6.192978424054172981e-01 5.500542299502144683e-01 1.000000000000000000e+00
5.377009098461725811e-01 5.893165862344389438e-01 1.000000000000000000e+00
3.490618389384137488e-01 3.425071284884611544e-01 1.000000000000000000e+00
6.807054385065710589e-01 5.838519557509620483e-01 1.000000000000000000e+00
4.246355952937584388e-01 4.324014694173489715e-01 1.000000000000000000e+00
5.337121821869292848e-01 6.228056437365511178e-01 1.000000000000000000e+00
4.352440575101705900e-01 5.485842719233315901e-01 1.000000000000000000e+00
4.189098517962223656e-01 4.490777734486804951e-01 1.000000000000000000e+00
5.358381341348105176e-01 6.414501279792343968e-01 1.000000000000000000e+00
4.462273627155950995e-01 6.836896824367275638e-01 1.000000000000000000e+00
5.445233164122799119e-01 5.000053608718130205e-01 1.000000000000000000e+00
5.290197057905347000e-01 4.818163950941021789e-01 1.000000000000000000e+00
7.274130069416685496e-01 5.935617121507056337e-01 1.000000000000000000e+00
7.565001004024100029e-01 5.621047451213839752e-01 1.000000000000000000e+00
4.837614222462224833e-01 6.684137026947591931e-01 1.000000000000000000e+00
3.956850362930777187e-01 5.855159501806267430e-01 1.000000000000000000e+00
7.289176147339035960e-01 5.243404645427298671e-01 1.000000000000000000e+00
4.777032302815651388e-01 4.360917091211294339e-01 1.000000000000000000e+00
3.787057894392160118e-01 5.391295894751554352e-01 1.000000000000000000e+00
3.899679906277707109e-01 5.735373251934544614e-01 1.000000000000000000e+00
3.997720388021058224e-01 4.063469085580952989e-01 1.000000000000000000e+00
4.471872976544323808e-01 5.001320208548072355e-01 1.000000000000000000e+00
6.936670912375922926e-01 6.428901734732067608e-01 1.000000000000000000e+00
7.079308014709335684e-01 5.618437941589247142e-01 1.000000000000000000e+00
4.513033459886792720e-01 4.652308731017490984e-01 1.000000000000000000e+00
6.125629416286838547e-01 5.172110929723723327e-01 1.000000000000000000e+00
8.453516749558965815e-01 6.693436127578280548e-01 1.000000000000000000e+00
5.455283110613554642e-01 4.830221912612809310e-01 1.000000000000000000e+00
5.051845143086243217e-01 5.241896881114909146e-01 1.000000000000000000e+00
4.548004745883743039e-01 3.031760561379828189e-01 1.000000000000000000e+00
8.381651026895327039e-01 4.672910054803770530e-01 1.000000000000000000e+00
6.465938904925564445e-01 5.683850321351298085e-01 1.000000000000000000e+00
3.128901081273925411e-01 6.581783605667662629e-01 1.000000000000000000e+00
7.091130342442403256e-01 6.051631693333168194e-01 1.000000000000000000e+00
3.979885548995297784e-01 5.394092737456304132e-01 1.000000000000000000e+00
5.210899311419900926e-01 6.515082262000403412e-01 1.000000000000000000e+00
5.600180003632645453e-01 6.028411239755403495e-01 1.000000000000000000e+00
6.154345522252486766e-01 5.567103148734752205e-01 1.000000000000000000e+00
5.321897248349461984e-01 3.427445400983670232e-01 1.000000000000000000e+00
4.345751176457126053e-01 4.683352369584758423e-01 1.000000000000000000e+00
4.249982253052551617e-01 4.210804350984371780e-01 1.000000000000000000e+00
6.599991398020763622e-01 5.618258454010873759e-01 1.000000000000000000e+00
5.015709085028128289e-01 6.485934696671563637e-01 1.000000000000000000e+00
5.677577452332630559e-01 4.268521710482380827e-01 1.000000000000000000e+00
6.450756394994120457e-01 7.973249463283784699e-01 1.000000000000000000e+00
3.835902490579301549e-01 5.060172262429095680e-01 1.000000000000000000e+00
5.823427971634849154e-01 5.315510622125109164e-01 1.000000000000000000e+00
4.858319491625628928e-01 3.955637844444410134e-01 1.000000000000000000e+00
6.238640996659848836e-01 7.271359054326166360e-01 1.000000000000000000e+00
5.562452606199731475e-01 4.189830109745143472e-01 1.000000000000000000e+00
4.707345900584793408e-01 6.447510105504979938e-01 1.000000000000000000e+00
4.109551219259642840e-01 4.477299544965254174e-01 1.000000000000000000e+00
5.942573068707589501e-01 5.099593955476392493e-01 1.000000000000000000e+00
5.542510855904501099e-01 6.626378561180660265e-01 1.000000000000000000e+00
5.517649701345419544e-01 6.401890536648221497e-01 1.000000000000000000e+00
7.344330518006882969e-01 4.076110307684404077e-01 1.000000000000000000e+00
5.568235025348169387e-01 4.092818996142122412e-01 1.000000000000000000e+00
5.014644471974061268e-01 5.986779896139593493e-01 1.000000000000000000e+00
4.944541022645772554e-01 3.639390853349193100e-01 1.000000000000000000e+00
4.370767266784895688e-01 7.310607371250498199e-01 1.000000000000000000e+00
5.840922357620026428e-01 4.914211580497465093e-01 1.000000000000000000e+00
4.811544139431661038e-01 6.698196396083028192e-01 1.000000000000000000e+00
6.296871359800263468e-01 4.776945213962613956e-01 1.000000000000000000e+00
5.416851641513289461e-01 6.300004886435941476e-01 1.000000000000000000e+00
7.117140486034410074e-01 3.469362393614097706e-01 1.000000000000000000e+00
4.302131396261503760e-01 6.119081198609171990e-01 1.000000000000000000e+00
5.312977988154616860e-01 5.295726957953351688e-01 1.000000000000000000e+00
5.191412421483249107e-01 3.749972810897607145e-01 1.000000000000000000e+00
4.248169263526122563e-01 5.573040573238339235e-01 1.000000000000000000e+00
5.922632397896904211e-01 4.168764498815852315e-01 1.000000000000000000e+00
5.193496929247987115e-01 3.345314705856190507e-01 1.000000000000000000e+00
4.600837449545198132e-01 2.773769998240632750e-01 1.000000000000000000e+00
7.603958864418149943e-01 7.212870825197965630e-01 1.000000000000000000e+00
5.147694408857269588e-01 6.691178118928655660e-01 1.000000000000000000e+00
3.900171455235432183e-01 4.786026239931280846e-01 1.000000000000000000e+00
6.013172317448965964e-01 4.709139319682044689e-01 1.000000000000000000e+00
3.979965992323463153e-01 5.498022974524584550e-01 1.000000000000000000e+00
5.439513545746110790e-01 4.356237093536004523e-01 1.000000000000000000e+00
5.326438467482352834e-01 5.625463718915083566e-01 1.000000000000000000e+00
7.028369419439460808e-01 5.193322247300454775e-01 1.000000000000000000e+00
6.955064890353563900e-01 6.776125250758602281e-01 1.000000000000000000e+00
6.948894450255433952e-01 4.993777411799222854e-01 1.000000000000000000e+00
4.816354068199595884e-01 5.070209664935729776e-01 1.000000000000000000e+00
6.661050452850852954e-01 5.513745332862000081e-01 1.000000000000000000e+00
4.547359299744516137e-01 3.251653789434664210e-01 1.000000000000000000e+00
4.961891114268499603e-01 4.737017468200808157e-01 1.000000000000000000e+00
5.427600736986775143e-01 4.439023495606280734e-01 1.000000000000000000e+00
6.556572129269059301e-01 4.378641456151140532e-01 1.000000000000000000e+00
5.033713892423031799e-01 4.636512678462538783e-01 1.000000000000000000e+00
6.008737018075753777e-01 4.853177305945148845e-01 1.000000000000000000e+00
5.987595054085698143e-01 5.598208952358229018e-01 1.000000000000000000e+00
5.338734492416431499e-01 5.658040035121639777e-01 1.000000000000000000e+00
4.637491144349956684e-01 4.176606204409041845e-01 1.000000000000000000e+00
2.649979437947610483e-01 6.784904560664944961e-01 1.000000000000000000e+00
7.543265891135833012e-01 6.686325097129612871e-01 1.000000000000000000e+00
5.601305225612908112e-01 7.172093774172585423e-01 1.000000000000000000e+00
3.870416318635996333e-01 4.592895335697624870e-01 1.000000000000000000e+00
6.166493607867168381e-01 3.196681869287765210e-01 1.000000000000000000e+00
4.917584011286463275e-01 6.289612713367690455e-01 1.000000000000000000e+00
3.855541446997422517e-01 6.171067766521696196e-01 1.000000000000000000e+00
5.528175713626136689e-01 5.246316447024221841e-01 1.000000000000000000e+00
2.643270141730427181e-01 4.031473198406016478e-01 1.000000000000000000e+00
5.211089094753938999e-01 3.984430648764140104e-01 1.000000000000000000e+00
4.759385088108841200e-01 2.828676677007617157e-01 1.000000000000000000e+00
4.384982729582871386e-01 4.282236905589263398e-01 1.000000000000000000e+00
6.181557592919769695e-01 4.924175639031204144e-01 1.000000000000000000e+00
3.296684412911908835e-01 1.876450895781404671e-01 1.000000000000000000e+00
5.493482802657971842e-01 5.172665081004490517e-01 1.000000000000000000e+00
5.628641489725105806e-01 5.437608515426086697e-01 1.000000000000000000e+00
6.500124311177677416e-01 4.909042571587871606e-01 1.000000000000000000e+00
6.540394058736325178e-01 4.580420674473207332e-01 1.000000000000000000e+00
5.886131582968436859e-01 4.888524751743535957e-01 1.000000000000000000e+00
4.338466975458784014e-01 3.979311583414031350e-01 1.000000000000000000e+00
4.808455867064343470e-01 6.611057846545914662e-01 1.000000000000000000e+00
4.560225346202316232e-01 6.466036897454167098e-01 1.000000000000000000e+00
4.736846835804957578e-01 6.409161376105958485e-01 1.000000000000000000e+00
4.158877418746240173e-01 6.242564709245410626e-01 1.000000000000000000e+00
5.442233071109866538e-01 5.097992855065961448e-01 1.000000000000000000e+00
6.052458661115012184e-01 4.699335453016484920e-01 1.000000000000000000e+00
4.873883345331860295e-01 5.914693338603359551e-01 1.000000000000000000e+00
5.996040017188938309e-01 4.665438503987846541e-01 1.000000000000000000e+00
6.600897294698030437e-01 6.880949875690631767e-01 1.000000000000000000e+00
6.238127104001865986e-01 5.583067387875955134e-01 1.000000000000000000e+00
6.755553430086942424e-01 6.642293777705152724e-01 1.000000000000000000e+00
5.227266373775186770e-01 6.368190465230320063e-01 1.000000000000000000e+00
3.399358107442635446e-01 4.791723187540228857e-01 1.000000000000000000e+00
4.634654726796034185e-01 5.080955082631575248e-01 1.000000000000000000e+00
4.441438470964145235e-01 5.530928051570049853e-01 1.000000000000000000e+00
5.053931151873668481e-01 5.819555286385752479e-01 1.000000000000000000e+00
6.462131245312155992e-01 4.835806885176818226e-01 1.000000000000000000e+00
5.579051707980779984e-01 5.017964153810373640e-01 1.000000000000000000e+00
3.419271881609053376e-01 4.248614986831540374e-01 1.000000000000000000e+00
5.818538564977102645e-01 6.553041126600119837e-01 1.000000000000000000e+00
4.802094984968695579e-01 5.833623855476139930e-01 1.000000000000000000e+00
4.178974673627228187e-01 6.207189026132294840e-01 1.000000000000000000e+00
5.334358797744106484e-01 5.687725909040314276e-01 1.000000000000000000e+00
3.279205769231342549e-01 6.022198006804977410e-01 1.000000000000000000e+00
6.083312627102130943e-01 5.742168274766171754e-01 1.000000000000000000e+00
4.041916434741750774e-01 4.840691609712733934e-01 1.000000000000000000e+00
3.926420466728731129e-01 5.364659357427026265e-01 1.000000000000000000e+00
5.283457313087638330e-01 4.636380944443188046e-01 1.000000000000000000e+00
5.007911502165152129e-01 7.538203023982973372e-01 1.000000000000000000e+00
3.268953805589545070e-01 5.865024977331368961e-01 1.000000000000000000e+00
4.220291996054306716e-01 4.311605874637369773e-01 1.000000000000000000e+00
4.891534982682472776e-01 5.363167613098548392e-01 1.000000000000000000e+00
5.423762506452811660e-01 5.567744743616568348e-01 1.000000000000000000e+00
2.604388415591405992e-01 4.962693547185036413e-01 1.000000000000000000e+00
4.014785813320866370e-01 5.703454154277622923e-01 1.000000000000000000e+00
4.104345040736930295e-01 5.081899279643634637e-01 1.000000000000000000e+00
7.647104976301722923e-01 5.156057995324776488e-01 1.000000000000000000e+00
4.978647948705651194e-01 5.609569697105711850e-01 1.000000000000000000e+00
3.882577101451329393e-01 5.014455373804027616e-01 1.000000000000000000e+00
4.227081584349987042e-01 4.668657522423744766e-01 1.000000000000000000e+00
5.695130671225819841e-01 5.210693412937383862e-01 1.000000000000000000e+00
5.717595751551178829e-01 4.450034841388265106e-01 1.000000000000000000e+00
4.549780786831917334e-01 5.713164217401757172e-01 1.000000000000000000e+00
6.130837991352316996e-01 7.270319301743823903e-01 1.000000000000000000e+00
6.805356977130422313e-01 5.081583794466247861e-01 1.000000000000000000e+00
4.916981574110478870e-01 5.671910005695727230e-01 1.000000000000000000e+00
5.871717312196929051e-01 5.515590174729136930e-01 1.000000000000000000e+00
4.794889970223253917e-01 6.381228794736281129e-01 1.000000000000000000e+00
6.677144810697287491e-01 6.224386900331506656e-01 1.000000000000000000e+00
4.132377417627154936e-01 3.886999941418851634e-01 1.000000000000000000e+00
4.090403338399560829e-01 4.931487094108139568e-01 1.000000000000000000e+00
5.292847360389676403e-01 4.688881778591770244e-01 1.000000000000000000e+00
6.116343481102347601e-01 5.278379157190731252e-01 1.000000000000000000e+00
2.974574351229362090e-01 2.890935588984440696e-01 1.000000000000000000e+00
5.752531192975397500e-01 6.199988878105219259e-01 1.000000000000000000e+00
4.330657864705002025e-01 6.815947128242552111e-01 1.000000000000000000e+00
5.665771302229425377e-01 5.145089971347829305e-01 1.000000000000000000e+00
6.350630566591930481e-01 6.406448452401195537e-01 1.000000000000000000e+00
5.643516435242026397e-01 3.630991165248348418e-01 1.000000000000000000e+00
4.815918297323605879e-01 6.855029842800318685e-01 1.000000000000000000e+00
5.552022594042551606e-01 4.583257407941085382e-01 1.000000000000000000e+00
5.253901549009750704e-01 4.946897522305017669e-01 1.000000000000000000e+00
6.006980484749345761e-01 5.818461329749813338e-01 1.000000000000000000e+00
4.562164446440106214e-01 4.854038500004541068e-01 1.000000000000000000e+00
5.111657980934070089e-01 4.155005235381202255e-01 1.000000000000000000e+00
5.376195348628571846e-01 2.639361802177646599e-01 1.000000000000000000e+00
6.260864321038354108e-01 4.084051881726886157e-01 1.000000000000000000e+00
5.066913859547499399e-01 7.321213383525466689e-01 1.000000000000000000e+00
6.598720443937386992e-01 6.238446359638204486e-01 1.000000000000000000e+00
5.661433412087553130e-01 6.141701817191106416e-01 1.000000000000000000e+00
5.840618120496235965e-01 5.946898313907189593e-01 1.000000000000000000e+00
4.279891942965160512e-01 5.878987717480459452e-01 1.000000000000000000e+00
4.773256984776146905e-01 2.112719771276646286e-01 1.000000000000000000e+00
5.648030050067233132e-01 5.322221821190427082e-01 1.000000000000000000e+00
5.700547935262528787e-01 6.373154792970582294e-01 1.000000000000000000e+00
4.740907930169664386e-01 5.888141436574714227e-01 1.000000000000000000e+00
4.978343885219084775e-01 6.346321726286699993e-01 1.000000000000000000e+00
4.335455867037935618e-01 4.497441632130214639e-01 1.000000000000000000e+00
6.326367716453370482e-01 6.384810299632315278e-01 1.000000000000000000e+00
4.768332871436016807e-01 6.089332804362346252e-01 1.000000000000000000e+00
5.186604476161077448e-01 7.489574216164331943e-01 1.000000000000000000e+00
7.582367035420229939e-01 6.099063962924309301e-01 1.000000000000000000e+00
4.107499609239483318e-01 5.801391594087526027e-01 1.000000000000000000e+00
5.569439747831079757e-01 8.438678351042675496e-01 1.000000000000000000e+00
5.713646990795437919e-01 5.579596381193332455e-01 1.000000000000000000e+00
6.207374364756145235e-01 7.266917620238592113e-01 1.000000000000000000e+00
5.726279585231746072e-01 6.715815011075898511e-01 1.000000000000000000e+00
7.794439451101508043e-01 5.937679506418459541e-01 1.000000000000000000e+00
6.516148188206065672e-01 6.616159170844551074e-01 1.000000000000000000e+00
4.980538581277845211e-01 4.660467503315061100e-01 1.000000000000000000e+00
5.220024965563850872e-01 5.737807092638433915e-01 1.000000000000000000e+00
5.865188491662830517e-01 5.854137262692339361e-01 1.000000000000000000e+00
5.550032665709525581e-01 7.699346799117799955e-01 1.000000000000000000e+00
4.360487802046492667e-01 5.845642163322608553e-01 1.000000000000000000e+00
6.671490560767208144e-01 6.633352583476856967e-01 1.000000000000000000e+00
5.933428261991193775e-01 4.752830990867664140e-01 1.000000000000000000e+00
5.959609946362219857e-01 6.398170035542084522e-01 1.000000000000000000e+00
5.740237724377061923e-01 6.540851176317864502e-01 1.000000000000000000e+00
5.653177834352619557e-01 5.427470831921731298e-01 1.000000000000000000e+00
4.725309020272323579e-01 4.226925182592402019e-01 1.000000000000000000e+00
4.646259139111869607e-01 4.239960875836675802e-01 1.000000000000000000e+00
4.508357125829401402e-01 5.570757776332836420e-01 1.000000000000000000e+00
4.683285953536678314e-01 5.193750745729819318e-01 1.000000000000000000e+00
3.697581713419250127e-01 3.573144953063515095e-01 1.000000000000000000e+00
5.305048831411244281e-01 5.258380214413007625e-01 1.000000000000000000e+00
4.366473277191357805e-01 5.276975950912374813e-01 1.000000000000000000e+00
6.319951962946356305e-01 4.476894185361775524e-01 1.000000000000000000e+00
4.516676754716871800e-01 5.982093969576643966e-01 1.000000000000000000e+00
5.300795278348797712e-01 3.679261997312507915e-01 1.000000000000000000e+00
5.163555005643177820e-01 4.543338042729438975e-01 1.000000000000000000e+00
7.635241098627794099e-01 6.892872492115624805e-01 1.000000000000000000e+00
5.438376171379025736e-01 4.170328257770101743e-01 1.000000000000000000e+00
6.474450088467840203e-01 6.236044037046354349e-01 1.000000000000000000e+00
7.540382670633648532e-01 5.692296026155304611e-01 1.000000000000000000e+00
4.815356428138022338e-01 5.260919991284661590e-01 1.000000000000000000e+00
6.105948191321391993e-01 6.910271820794674502e-01 1.000000000000000000e+00
6.679899598960923335e-01 6.057281937449882081e-01 1.000000000000000000e+00
6.029705072796746057e-01 3.800348179794799108e-01 1.000000000000000000e+00
5.374470596834707292e-01 7.096771611924115319e-01 1.000000000000000000e+00
5.898384623685022365e-01 4.719166039648409194e-01 1.000000000000000000e+00
5.445560533266479153e-01 5.455652369147224734e-01 1.000000000000000000e+00
6.651823402072241098e-01 7.741444455537348501e-01 1.000000000000000000e+00
5.465833772627699538e-01 6.142158945616646992e-01 1.000000000000000000e+00
5.969881689194823648e-01 3.901047987251249349e-01 1.000000000000000000e+00
6.018198705024450090e-01 3.609100142315720960e-01 1.000000000000000000e+00
4.963485008939324539e-01 6.070362380242222411e-01 1.000000000000000000e+00
4.999656290221801136e-01 5.624441561542395940e-01 1.000000000000000000e+00
3.268032947417275902e-01 5.247143193161908359e-01 1.000000000000000000e+00
5.864999819812143356e-01 3.236379446880363053e-01 1.000000000000000000e+00
5.921065440961559290e-01 6.915503607337442071e-01 1.000000000000000000e+00
4.525049166130653000e-01 5.044067224417464468e-01 1.000000000000000000e+00
2.366071345712160989e-01 4.061345342976303563e-01 1.000000000000000000e+00
4.410334618836767029e-01 4.045376074611365391e-01 0.000000000000000000e+00
3.605703629962876966e-01 4.284953788023668775e-01 0.000000000000000000e+00
4.326521249959439097e-01 3.757204278495561711e-01 0.000000000000000000e+00
3.682019619519475984e-01 4.944445350255052274e-01 0.000000000000000000e+00
6.256986319530069007e-01 4.409714826178504632e-01 0.000000000000000000e+00
2.819967294457716434e-01 3.535097058912186618e-01 0.000000000000000000e+00
2.256687063322384279e-01 2.480013361036912944e-01 0.000000000000000000e+00
6.125432315514132142e-01 4.980540834889694568e-01 0.000000000000000000e+00
2.059548341595406618e-01 2.697964454084477159e-01 0.000000000000000000e+00
4.222934498149957250e-01 2.998881068691115481e-01 0.000000000000000000e+00
4.257051609915452062e-01 3.742021026597970312e-01 0.000000000000000000e+00
2.661336221502288435e-01 2.062488555364943577e-01 0.000000000000000000e+00
4.300753845229342009e-01 3.413019611851520474e-01 0.000000000000000000e+00
3.817542741756446700e-01 3.462826931368043759e-01 0.000000000000000000e+00
5.830716481017295116e-01 4.713117790739057011e-01 0.000000000000000000e+00
3.211574064924279659e-01 3.446464797537524549e-01 0.000000000000000000e+00
1.834564131672714038e-01 3.236239723012724334e-01 0.000000000000000000e+00
5.487447467534924961e-01 4.498126379671252284e-01 0.000000000000000000e+00
4.475288394526764080e-01 4.117400402141535576e-01 0.000000000000000000e+00
4.385192543414448973e-01 2.440914411998793832e-01 0.000000000000000000e+00
3.059795659923658095e-01 3.265566614742019813e-01 0.000000000000000000e+00
4.728694812554944948e-01 3.846267193930095751e-01 0.000000000000000000e+00
2.700904715607689299e-01 4.229282951403452451e-01 0.000000000000000000e+00
3.933908098152701371e-01 6.279424621667384354e-01 0.000000000000000000e+00
3.326650756195192460e-01 3.867507196278101023e-01 0.000000000000000000e+00
3.971660819228791106e-01 1.149277341100966993e-01 0.000000000000000000e+00
1.281974905322536273e-01 4.508003963645384471e-01 0.000000000000000000e+00
2.938750733870523768e-01 2.719184678158801383e-01 0.000000000000000000e+00
3.780227978462722960e-01 4.802884003717038386e-01 0.000000000000000000e+00
4.790432494954373621e-01 5.097257012636323692e-01 0.000000000000000000e+00
2.785531746847441648e-01 4.623447340271290007e-01 0.000000000000000000e+00
5.380073745793867435e-01 3.955768188410495045e-01 0.000000000000000000e+00
2.468560025594981888e-01 2.963277341564908851e-01 0.000000000000000000e+00
4.460656581888320926e-01 4.098135383242633711e-01 0.000000000000000000e+00
3.185470569843774635e-01 3.739726200505354980e-01 0.000000000000000000e+00
5.132187561833245759e-01 3.411825438138701427e-01 0.000000000000000000e+00
6.725374045789310751e-01 3.823279553234056327e-01 0.000000000000000000e+00
4.590573215957673980e-01 4.987447948371327433e-01 0.000000000000000000e+00
4.430668814009637857e-01 3.433858338956483069e-01 0.000000000000000000e+00
4.142833284899499757e-01 5.091635857163340217e-01 0.000000000000000000e+00
3.406271732754738713e-01 4.248597478563879704e-01 0.000000000000000000e+00
4.189086617720466088e-01 3.775075534763530083e-01 0.000000000000000000e+00
5.288429443429325527e-01 1.877251892779283615e-01 0.000000000000000000e+00
3.685845107169078427e-01 3.219540930883110219e-01 0.000000000000000000e+00
2.849397642388507013e-01 3.985695869169013639e-01 0.000000000000000000e+00
4.128205000184227980e-01 2.997510562392143307e-01 0.000000000000000000e+00
3.974471188330290783e-01 1.042442259462514342e-01 0.000000000000000000e+00
4.756472261629695608e-01 4.860589161358532251e-01 0.000000000000000000e+00
4.214318281173913827e-01 2.666083242173504786e-01 0.000000000000000000e+00
3.942737379365882089e-01 4.604969899314286241e-01 0.000000000000000000e+00
3.554923249007163610e-01 4.087807489324844501e-01 0.000000000000000000e+00
2.768983780337656020e-01 3.224709432908339779e-01 0.000000000000000000e+00
3.456917032937216749e-01 4.082038305347809870e-01 0.000000000000000000e+00
4.104690340563204032e-01 4.368172125588696275e-01 0.000000000000000000e+00
3.297394897122881696e-01 3.429020261768600530e-01 0.000000000000000000e+00
2.631786746334668914e-01 4.016900583156194360e-01 0.000000000000000000e+00
3.764096686386219082e-01 3.818762735870603331e-01 0.000000000000000000e+00
5.930721797594935563e-01 2.751059385366216858e-01 0.000000000000000000e+00
3.762979898262684419e-01 4.064377447229668427e-01 0.000000000000000000e+00
4.206372173299356421e-01 5.076092003799411723e-01 0.000000000000000000e+00
2.323001117929013593e-01 3.144450074981769427e-01 0.000000000000000000e+00
3.281899441592143196e-01 4.312561263808767920e-01 0.000000000000000000e+00
5.233190806172787202e-01 5.743267218688894449e-01 0.000000000000000000e+00
2.898896165255936408e-01 2.888610112815322428e-01 0.000000000000000000e+00
4.426472764232665669e-01 5.006069954491910723e-01 0.000000000000000000e+00
2.489795215287040897e-01 3.133571564764838779e-01 0.000000000000000000e+00
3.576695050861692371e-01 4.212480171327748213e-01 0.000000000000000000e+00
4.374950205508936207e-01 4.718336665742529079e-01 0.000000000000000000e+00
3.280308887657181760e-01 3.562644072522824223e-01 0.000000000000000000e+00
3.496447970940192995e-01 3.160043594602360839e-01 0.000000000000000000e+00
3.570082132706269840e-01 3.840050823904685995e-01 0.000000000000000000e+00
3.758036737558466678e-01 5.407115441647249998e-01 0.000000000000000000e+00
3.803314667045490927e-01 3.861763378117714085e-01 0.000000000000000000e+00
3.654420121664949672e-01 5.018877006378725802e-01 0.000000000000000000e+00
3.894875815131390584e-01 3.373367298192870289e-01 0.000000000000000000e+00
4.404915099720667082e-01 2.558586763925471685e-01 0.000000000000000000e+00
3.678369651680705732e-01 3.594787777149250352e-01 0.000000000000000000e+00
3.599908142912043307e-01 7.268201722039494550e-01 0.000000000000000000e+00
1.217680275674700996e-01 2.880822506726904986e-01 0.000000000000000000e+00
5.326608472244444004e-01 2.313718854497850419e-01 0.000000000000000000e+00
4.682523399124882690e-01 3.507993178353291941e-01 0.000000000000000000e+00
4.659052804350417021e-01 5.898520406549925266e-01 0.000000000000000000e+00
4.395248325973282189e-01 3.696335013817055315e-01 0.000000000000000000e+00
3.354936928284840691e-01 2.903517686201166348e-01 0.000000000000000000e+00
3.011495670691398119e-01 3.129111315299985541e-01 0.000000000000000000e+00
5.491619868783520486e-01 5.019745769166610305e-01 0.000000000000000000e+00
2.293817579681115826e-01 2.803623378919031794e-01 0.000000000000000000e+00
4.219288979590307687e-01 4.439830481150380259e-01 0.000000000000000000e+00
4.376225127557282213e-01 6.182847468849778094e-01 0.000000000000000000e+00
4.637919413204808494e-01 4.479470418208376659e-01 0.000000000000000000e+00
3.666044838761183255e-01 2.935405423649555812e-01 0.000000000000000000e+00
3.886071331681579255e-01 4.395037407481772185e-01 0.000000000000000000e+00
3.372949912784947157e-01 3.733918178241611430e-01 0.000000000000000000e+00
2.597994828121277799e-01 4.319351102320608260e-01 0.000000000000000000e+00
3.906279025178425179e-01 2.317560308616130049e-01 0.000000000000000000e+00
2.781551614575635822e-01 3.455767445208609567e-01 0.000000000000000000e+00
4.053670067138469002e-01 5.246679323242520177e-01 0.000000000000000000e+00
6.015981911751782096e-01 5.775899205130442526e-01 0.000000000000000000e+00
5.941316898731945351e-01 4.373833042979702879e-01 0.000000000000000000e+00
3.428758010494308284e-01 3.816076283746820397e-01 0.000000000000000000e+00
3.510652274970522124e-01 3.439232664103935577e-01 0.000000000000000000e+00
3.764344214846284120e-01 3.532001230929033286e-01 0.000000000000000000e+00
2.914695418657675674e-01 3.826735017503397618e-01 0.000000000000000000e+00
3.231688736551271424e-01 4.739647195049440653e-01 0.000000000000000000e+00
4.630774063203801916e-01 4.925698897828832967e-01 0.000000000000000000e+00
3.019127830115777011e-01 3.728715717778086081e-01 0.000000000000000000e+00
2.919519001697877258e-01 4.013650626990569181e-01 0.000000000000000000e+00
3.320086534954216351e-01 5.502974952277561727e-01 0.000000000000000000e+00
3.396305501128870641e-01 3.819886157238681079e-01 0.000000000000000000e+00
2.373209344231461959e-01 3.887352729316831401e-01 0.000000000000000000e+00
4.080029206211954751e-01 3.348673522644186606e-01 0.000000000000000000e+00
3.120388205733920506e-01 3.942780054490505615e-01 0.000000000000000000e+00
3.213749120715452823e-01 5.451916803271242840e-01 0.000000000000000000e+00
2.550043015467142737e-01 2.527970817720675001e-01 0.000000000000000000e+00
4.663769491842772452e-01 3.239079446069809687e-01 0.000000000000000000e+00
3.448110692976694147e-01 5.070291001602829084e-01 0.000000000000000000e+00
5.011071950228636052e-01 3.847302519506721197e-01 0.000000000000000000e+00
2.815208842263746125e-01 2.973924424861055238e-01 0.000000000000000000e+00
2.339373886051612506e-01 3.303529454096263973e-01 0.000000000000000000e+00
3.319399411039081205e-01 3.227090778963729867e-01 0.000000000000000000e+00
4.404013501453328816e-01 3.350625297206493158e-01 0.000000000000000000e+00
4.136966631748622003e-01 4.646930457917124446e-01 0.000000000000000000e+00
4.130194911817080539e-01 3.738378813963004754e-01 0.000000000000000000e+00
3.855116892324669808e-01 3.151856070936185916e-01 0.000000000000000000e+00
1.616393365417829187e-01 4.494433031233974196e-01 0.000000000000000000e+00
4.677758337508324260e-01 4.838949500856664088e-01 0.000000000000000000e+00
2.517740712985219731e-01 4.003854058095500656e-01 0.000000000000000000e+00
4.042251214730061548e-01 3.239909543276711656e-01 0.000000000000000000e+00
2.612595548682584146e-01 3.485879766514576872e-01 0.000000000000000000e+00
4.012977630692256548e-01 3.823126523690202894e-01 0.000000000000000000e+00
3.696294613091445913e-01 4.323905529225897659e-01 0.000000000000000000e+00
3.064974012529301239e-01 4.137993967041883048e-01 0.000000000000000000e+00
3.055699810520719484e-01 2.724046936155828935e-01 0.000000000000000000e+00
3.426982539719038989e-01 3.830520962324228673e-01 0.000000000000000000e+00
4.028451499920521761e-01 3.484204035146599709e-01 0.000000000000000000e+00
3.216607105015945045e-01 3.905693933680554064e-01 0.000000000000000000e+00
2.938728180104779319e-01 3.325361879309563506e-01 0.000000000000000000e+00
3.160127687976378441e-01 3.498090252660135402e-01 0.000000000000000000e+00
3.571526134842209488e-01 4.253104231636230526e-01 0.000000000000000000e+00
3.601574589709802821e-01 4.076729685178058227e-01 0.000000000000000000e+00
4.057719576410862561e-01 4.338184950254307948e-01 0.000000000000000000e+00
4.720944513239483942e-01 4.204836537483163661e-01 0.000000000000000000e+00
3.263799577114881445e-01 4.039461077220405927e-01 0.000000000000000000e+00
4.172400706287547889e-01 3.366700008114331677e-01 0.000000000000000000e+00
4.391865704485281019e-01 1.845665119910314123e-01 0.000000000000000000e+00
3.415505897982996086e-01 1.723095344322829459e-01 0.000000000000000000e+00
4.382067444157303759e-01 3.912115594913240235e-01 0.000000000000000000e+00
4.048540880521694918e-01 4.202079439438492492e-01 0.000000000000000000e+00
4.318322464647283421e-01 2.912861792651249004e-01 0.000000000000000000e+00
4.050168873131591019e-01 5.347313891242917450e-01 0.000000000000000000e+00
3.199442519652048733e-01 2.501791504534077171e-01 0.000000000000000000e+00
3.666193338583029204e-01 4.210809722821065582e-01 0.000000000000000000e+00
3.282357947683986477e-01 2.072917725685184120e-01 0.000000000000000000e+00
3.044094682333364776e-01 2.874977219612672719e-01 0.000000000000000000e+00
4.488373625064643879e-01 3.705562561450947423e-01 0.000000000000000000e+00
4.224555012908151608e-01 3.826979176739163657e-01 0.000000000000000000e+00
4.430303603288548442e-01 2.609575852766747861e-01 0.000000000000000000e+00
2.870123820669439052e-01 4.599004704750463413e-01 0.000000000000000000e+00
4.993031313515588487e-01 3.594790848368094593e-01 0.000000000000000000e+00
3.698038042929065461e-01 3.196977465532122586e-01 0.000000000000000000e+00
3.941634365585153232e-01 4.117561749759178769e-01 0.000000000000000000e+00
4.149971772926902558e-01 2.949685788863014024e-01 0.000000000000000000e+00
3.272966778728917947e-01 3.437054338141507515e-01 0.000000000000000000e+00
3.526591321775489618e-01 3.246761853818480037e-01 0.000000000000000000e+00
3.542440479338910264e-01 3.290977406229368407e-01 0.000000000000000000e+00
4.284131376692275062e-01 3.819998636190568009e-01 0.000000000000000000e+00
3.772906088208903275e-01 3.402636013709482987e-01 0.000000000000000000e+00
3.940766485922195805e-01 3.540861349054632568e-01 0.000000000000000000e+00
4.213038812142167466e-01 3.670051014161113678e-01 0.000000000000000000e+00
4.633245207723920012e-01 2.370538952655620035e-01 0.000000000000000000e+00
3.156777750961282103e-01 2.887037653854195862e-01 0.000000000000000000e+00
3.418410986559640707e-01 2.124009685379325552e-01 0.000000000000000000e+00
4.190348625541903682e-01 3.736887753427660108e-01 0.000000000000000000e+00
5.026410570078603673e-02 2.611249941018287668e-01 0.000000000000000000e+00
4.472548098657498361e-01 4.701406294870030256e-01 0.000000000000000000e+00
5.649711399660653499e-02 2.275340197593496983e-01 0.000000000000000000e+00
3.625707327968467619e-01 4.762776142966823612e-01 0.000000000000000000e+00
3.349421064620157207e-01 4.184939290649283827e-01 0.000000000000000000e+00
4.085263647661659947e-01 2.962835800899490390e-01 0.000000000000000000e+00
2.694288324968181492e-01 4.242088566217787626e-01 0.000000000000000000e+00
5.874903039464309806e-01 3.606391190989727269e-01 0.000000000000000000e+00
5.456688278007115755e-01 3.639984244308241967e-01 0.000000000000000000e+00
3.402666273417715437e-01 3.282014343733873352e-01 0.000000000000000000e+00
2.483539664468409625e-01 4.549918120629977136e-01 0.000000000000000000e+00
5.179257662984140254e-01 4.946050518464625290e-01 0.000000000000000000e+00
2.932368594550658902e-01 2.968478625457330877e-01 0.000000000000000000e+00
5.547073770901552736e-01 3.563784480488695894e-01 0.000000000000000000e+00
2.996424176509582815e-01 3.221481770931455269e-01 0.000000000000000000e+00
4.982405879939907911e-01 5.153706639673613088e-01 0.000000000000000000e+00
3.573286773816200523e-01 4.488398091673413970e-01 0.000000000000000000e+00
1.734249158134037461e-01 3.324496084702451837e-01 0.000000000000000000e+00
3.257441633302947670e-01 2.869555915990547601e-01 0.000000000000000000e+00
3.530964536117697783e-01 4.423813357715711825e-01 0.000000000000000000e+00
4.282035565522602782e-01 3.396951831519143816e-01 0.000000000000000000e+00
2.287665311102766164e-01 2.618819634782113548e-01 0.000000000000000000e+00
3.493787765184487859e-01 2.608736340653917685e-01 0.000000000000000000e+00
3.166042026646488372e-01 4.933079358347328136e-02 0.000000000000000000e+00
4.172620916690643611e-01 4.824728790963623837e-01 0.000000000000000000e+00
5.359552278800050473e-01 3.603040116705963913e-01 0.000000000000000000e+00
4.735748697684483699e-01 4.095616017153013155e-01 0.000000000000000000e+00
3.182001997156901352e-01 4.126598528558019230e-01 0.000000000000000000e+00
4.869817117415625174e-01 2.146439479477511014e-01 0.000000000000000000e+00
3.118640218554264432e-01 5.396270853583517990e-01 0.000000000000000000e+00
3.110706411458433740e-01 6.187357715974968198e-01 0.000000000000000000e+00
3.861577336199688015e-01 4.287019896841555155e-01 0.000000000000000000e+00
2.205543239249766196e-01 3.591869302430500954e-01 0.000000000000000000e+00
4.685373161533507025e-01 3.349406083520574673e-01 0.000000000000000000e+00
4.946261479689869622e-01 4.061328570128643345e-01 0.000000000000000000e+00
2.651958043982327595e-01 1.506665007748998197e-01 0.000000000000000000e+00
3.657579593063010615e-01 4.226710227725244962e-01 0.000000000000000000e+00
3.081508572721511352e-01 4.605623907765264979e-01 0.000000000000000000e+00
3.151859311273959019e-01 2.697664714254920382e-01 0.000000000000000000e+00
7.567871869886201308e-01 4.039042118696521411e-01 0.000000000000000000e+00
4.118415466399268365e-01 4.197236686898369040e-01 0.000000000000000000e+00
4.809390709474621883e-01 5.072822758314681213e-01 0.000000000000000000e+00
4.677389398609578808e-01 3.562459969709069196e-01 0.000000000000000000e+00
5.420088209153639536e-01 3.459471903029807671e-01 0.000000000000000000e+00
3.863969511419291236e-01 3.425290163652499609e-01 0.000000000000000000e+00
4.992323673065729439e-01 4.255875204271196699e-01 0.000000000000000000e+00
3.069057795717803350e-01 3.312929587594615755e-01 0.000000000000000000e+00
3.288656598033117273e-01 5.087882957408943474e-01 0.000000000000000000e+00
4.521331169393642546e-01 4.075971861681141895e-01 0.000000000000000000e+00
5.574437520517561140e-01 5.870191523374980180e-01 0.000000000000000000e+00
4.984926470031865731e-01 4.421220021894404772e-01 0.000000000000000000e+00
5.459478875308854118e-01 3.261549339612052623e-01 0.000000000000000000e+00
3.305340570626141838e-01 4.472241124369798482e-01 0.000000000000000000e+00
7.114389628063487736e-01 3.967319342549663341e-01 0.000000000000000000e+00
5.947676591037759364e-01 3.546058472779970439e-01 0.000000000000000000e+00
3.231312891123669928e-01 3.548832671262427962e-01 0.000000000000000000e+00
4.306162419124676677e-01 5.642037446980844306e-01 0.000000000000000000e+00
3.178139138580193812e-01 4.162446308995402799e-01 0.000000000000000000e+00
3.184180991364470720e-02 1.851335961491394067e-01 0.000000000000000000e+00
3.499015874878471100e-01 5.031502543103537617e-01 0.000000000000000000e+00
4.266818623017902268e-01 5.035710440426272028e-01 0.000000000000000000e+00
3.627281593510778834e-01 3.593080057852436338e-01 0.000000000000000000e+00
1.822737322834375451e-01 3.505283649743072827e-01 0.000000000000000000e+00
2.115290191002933140e-01 4.891903795194709748e-01 0.000000000000000000e+00
5.706359044920952250e-01 5.197195162052451467e-01 0.000000000000000000e+00
3.987114975922586568e-01 5.196115904291893628e-01 0.000000000000000000e+00
4.360890774432656936e-01 2.487875472162253132e-01 0.000000000000000000e+00
4.874020973917132515e-01 3.557514714487254315e-01 0.000000000000000000e+00
4.803472960004478987e-01 3.340859146959089809e-01 0.000000000000000000e+00
5.396307887702276318e-01 4.452781838143834992e-01 0.000000000000000000e+00
3.317790277942324617e-01 5.324272429682874730e-01 0.000000000000000000e+00
4.007924132477027612e-01 3.449968164234912815e-01 0.000000000000000000e+00
3.348638257436013510e-01 3.996099137331393658e-01 0.000000000000000000e+00
4.120750604223817892e-01 5.376241375060568650e-01 0.000000000000000000e+00
4.258330756231971659e-01 3.831743856447420993e-01 0.000000000000000000e+00
4.337271845369038981e-01 3.538487358447617859e-01 0.000000000000000000e+00
5.096842627169839712e-01 4.276898144183116646e-01 0.000000000000000000e+00
4.607644681906425954e-01 2.206208055956627723e-01 0.000000000000000000e+00
3.365405662126568220e-01 4.172050262738811188e-01 0.000000000000000000e+00
4.451238572151903772e-01 1.413058364254973498e-01 0.000000000000000000e+00
2.454385727018138508e-01 4.810666420947481425e-01 0.000000000000000000e+00
2.792390488546244720e-01 5.337291927563964089e-01 0.000000000000000000e+00
3.327365884352019298e-01 2.825739780897840170e-01 0.000000000000000000e+00
3.682339774987464232e-01 3.348438858736961787e-01 0.000000000000000000e+00
3.333188290412651966e-01 3.011161270209737895e-01 0.000000000000000000e+00
3.370125741044284751e-01 4.242835933021044670e-01 0.000000000000000000e+00
1.547408141614408927e-01 0.000000000000000000e+00 0.000000000000000000e+00
3.802845568432691725e-01 2.310847756591848934e-01 0.000000000000000000e+00
2.917965938890892397e-01 3.432281475015440120e-01 0.000000000000000000e+00
3.539355282837720607e-01 4.681526296604313075e-01 0.000000000000000000e+00
2.290163375882278418e-01 1.789686056872578368e-01 0.000000000000000000e+00
2.428140094303496144e-01 1.063838257329283443e-01 0.000000000000000000e+00
4.259483985271807494e-01 3.152896290091864451e-01 0.000000000000000000e+00
3.624579580671202783e-01 4.797426223909141974e-01 0.000000000000000000e+00
2.902245200929618463e-01 2.249763944862825105e-01 0.000000000000000000e+00
4.379159731998986116e-01 5.715946466757594324e-01 0.000000000000000000e+00
1.654186599257602419e-01 2.051684755601505816e-01 0.000000000000000000e+00
4.555772643199481609e-01 4.900517640301563782e-01 0.000000000000000000e+00
4.233440736602668841e-01 3.443736059350891443e-01 0.000000000000000000e+00
3.195090580503034405e-01 5.356378498235734309e-01 0.000000000000000000e+00
3.174104893421434981e-01 5.567933576504473514e-01 0.000000000000000000e+00
9.486422454279798411e-02 2.206066262891214214e-01 0.000000000000000000e+00
4.405368346627387410e-01 3.049004472089358875e-01 0.000000000000000000e+00
5.445072620830961885e-01 3.608317868332962530e-01 0.000000000000000000e+00
3.540663739903657237e-01 5.670183685013359121e-01 0.000000000000000000e+00
4.070979665346478038e-01 2.099189630822567987e-01 0.000000000000000000e+00
3.365939926375622337e-01 5.199888790977855724e-01 0.000000000000000000e+00
6.091116034399569612e-01 3.188201118600866857e-01 0.000000000000000000e+00
3.664813117330074088e-01 4.387979789824181798e-01 0.000000000000000000e+00
2.620436734855866034e-01 4.331449225313088736e-01 0.000000000000000000e+00
5.463679657389989286e-01 4.811090579539125112e-01 0.000000000000000000e+00
5.583352562887948789e-01 3.470460066374623231e-01 0.000000000000000000e+00
4.155062525715171318e-01 4.959619774527416758e-01 0.000000000000000000e+00
4.744362689740502792e-01 4.951906053177217437e-01 0.000000000000000000e+00
4.325253928722154195e-01 4.444439385158519551e-01 0.000000000000000000e+00
3.531549325463850253e-01 4.637739140856752540e-01 0.000000000000000000e+00
3.019564771438086326e-01 4.186646616955534417e-01 0.000000000000000000e+00
3.556538053551035472e-01 4.072595980588555875e-01 0.000000000000000000e+00
3.583921343289024897e-01 4.816654250991329045e-01 0.000000000000000000e+00
1.810717413013957500e-01 4.139083717154377062e-01 0.000000000000000000e+00
3.668957703356869327e-01 4.582655835900286134e-01 0.000000000000000000e+00
3.386743758162183426e-01 4.475968708985202382e-01 0.000000000000000000e+00
4.607405205751531341e-01 5.700858641750568001e-01 0.000000000000000000e+00
3.819040962470128808e-01 1.759008026803385305e-01 0.000000000000000000e+00
1.544166950365898350e-01 2.426360248404885456e-01 0.000000000000000000e+00
2.831239008925039990e-01 5.890389231037548301e-01 0.000000000000000000e+00
5.006230188295915928e-01 3.726045058139162425e-01 0.000000000000000000e+00
4.743541861550535921e-01 5.198110409148172240e-01 0.000000000000000000e+00
2.631137670296331277e-01 4.851745024593080435e-01 0.000000000000000000e+00
3.318325373243837806e-01 2.288507144679477745e-01 0.000000000000000000e+00
3.470715158071114304e-01 4.875399746016594871e-01 0.000000000000000000e+00
5.308407224483161491e-01 3.400131881624415819e-01 0.000000000000000000e+00
3.094583544487654603e-01 4.417579364840597544e-01 0.000000000000000000e+00
5.008513496449131797e-01 4.617163491553528676e-01 0.000000000000000000e+00
4.787705655174088748e-01 4.169228702281770338e-01 0.000000000000000000e+00
5.785704288321994460e-01 3.451694080768339945e-01 0.000000000000000000e+00
4.167837959104998546e-01 4.067784010045460419e-01 0.000000000000000000e+00
3.005852518822685338e-01 5.923669715281464354e-01 0.000000000000000000e+00
3.372875369566602499e-01 3.928281094398274331e-01 0.000000000000000000e+00
4.188340627120433757e-01 7.021850282027048973e-01 0.000000000000000000e+00
3.318321629721619481e-01 3.089196807630961716e-01 0.000000000000000000e+00
5.979941814437611525e-01 4.446166199321693879e-01 0.000000000000000000e+00
3.744865131726574647e-01 6.032262565041327518e-01 0.000000000000000000e+00
2.852812903639673769e-01 4.655074598976378653e-01 0.000000000000000000e+00
4.719813942686493791e-01 2.980544174710788585e-01 0.000000000000000000e+00
4.244558765521743715e-01 2.478165223789572380e-01 0.000000000000000000e+00
4.770205264695967506e-01 3.710788943172273480e-01 0.000000000000000000e+00
3.578612784245954748e-01 2.494837485233249996e-01 0.000000000000000000e+00
4.080691942081017265e-01 5.781001981608618889e-01 0.000000000000000000e+00
4.305498036467753642e-01 3.645113491919919624e-01 0.000000000000000000e+00
2.894430739975563105e-01 4.211572123803763446e-01 0.000000000000000000e+00
5.211465241646788815e-01 2.645098218509465693e-01 0.000000000000000000e+00
4.965934666669163389e-01 3.415532003181324106e-01 0.000000000000000000e+00
1.969305883633281906e-01 2.375436403633010563e-01 0.000000000000000000e+00
5.227998081373133044e-01 3.307833107739580614e-01 0.000000000000000000e+00
1.888865629581338024e-01 2.679205943320283612e-01 0.000000000000000000e+00
3.602095087888436686e-01 2.699830989146545512e-01 0.000000000000000000e+00
4.888797003267566499e-01 5.117266906703029639e-01 0.000000000000000000e+00
3.215234182127494345e-01 2.662078842017572278e-01 0.000000000000000000e+00
3.300300662698333887e-01 4.792344346918732123e-01 0.000000000000000000e+00
2.517726028690410733e-01 3.759992694732937069e-01 0.000000000000000000e+00
1.941037678622120066e-01 1.701252081659203885e-01 0.000000000000000000e+00
2.351193656120758868e-01 6.059578345347165218e-01 0.000000000000000000e+00
4.331293792861992675e-01 4.276147330633794930e-01 0.000000000000000000e+00
2.505895714784380779e-01 4.213885486472321307e-01 0.000000000000000000e+00
4.035931101856894965e-01 3.223307700557450639e-01 0.000000000000000000e+00
3.624210152666405005e-01 4.294196312057375620e-01 0.000000000000000000e+00
2.801167260130337233e-01 3.823257903821214443e-01 0.000000000000000000e+00
4.187977780049972343e-01 3.196916570892896492e-01 0.000000000000000000e+00
2.710109820068090647e-01 3.239410956979836831e-01 0.000000000000000000e+00
4.002991386843127719e-01 4.368025801138792352e-01 0.000000000000000000e+00
3.849857897737584689e-01 4.501634782962840031e-01 0.000000000000000000e+00
3.922566272630587658e-01 5.272560412680256103e-01 0.000000000000000000e+00
4.786864878685450075e-01 3.695070181825069744e-01 0.000000000000000000e+00
2.854389073541949706e-01 3.781369769789603152e-01 0.000000000000000000e+00
4.431724260447898467e-01 5.645973669267594364e-01 0.000000000000000000e+00
1.893587103491294055e-01 1.211975726214218618e-01 0.000000000000000000e+00
3.180805183898441357e-01 1.804463336427509501e-01 0.000000000000000000e+00
2.454272401065265563e-01 2.685099649430040536e-01 0.000000000000000000e+00
2.067589428314205446e-01 3.691482566048768788e-01 0.000000000000000000e+00
4.204676670308713504e-01 3.580293622938621745e-01 0.000000000000000000e+00
4.576837297967671359e-01 2.241945982992620268e-01 0.000000000000000000e+00
3.178466790777134676e-01 3.893042924484428347e-01 0.000000000000000000e+00
2.796211890496336783e-01 4.687191874416870574e-01 0.000000000000000000e+00
4.146103247366678124e-01 4.166367648438979998e-01 0.000000000000000000e+00
4.241679114847018983e-01 5.256243824715333135e-01 0.000000000000000000e+00
2.852273035153239933e-01 3.199169048359272738e-01 0.000000000000000000e+00
5.014665103599827978e-01 4.922931277887150348e-01 0.000000000000000000e+00
2.680838678271512676e-01 4.206556912555487471e-01 0.000000000000000000e+00
3.623211776674820639e-01 3.715464061632940407e-01 0.000000000000000000e+00
3.066220167438600264e-01 3.669330798344931921e-01 0.000000000000000000e+00
3.653466972914458100e-01 3.807147428570550329e-01 0.000000000000000000e+00
3.459659926617249526e-01 5.008182089210817534e-01 0.000000000000000000e+00
4.311565481232019215e-01 2.515163528657445857e-01 0.000000000000000000e+00
4.745575776533323964e-01 4.137314275079904125e-01 0.000000000000000000e+00
3.042765829881118322e-01 3.650606204649147202e-01 0.000000000000000000e+00
2.845737768068782314e-01 3.414706367405339615e-01 0.000000000000000000e+00
2.929686742770583052e-01 3.247974599509302895e-01 0.000000000000000000e+00
2.601219224144832309e-01 3.712746100553099282e-01 0.000000000000000000e+00
5.593907838797180787e-01 3.678866449102967118e-01 0.000000000000000000e+00
2.758918921165905980e-01 3.209856326038843521e-01 0.000000000000000000e+00
2.846818875137133165e-01 4.410594976205267637e-01 0.000000000000000000e+00
5.643435119471501560e-01 5.142639803465272053e-01 0.000000000000000000e+00
3.320121351174682434e-01 5.727598099981785484e-01 0.000000000000000000e+00
3.895051627250898374e-01 4.300941645866715457e-01 0.000000000000000000e+00
4.553254078801020621e-01 4.679065713714835040e-01 0.000000000000000000e+00
2.711109043545294472e-01 3.064458668305103939e-01 0.000000000000000000e+00
4.111796213597675997e-01 3.242710997366453074e-01 0.000000000000000000e+00
3.838655877163064667e-01 3.642551143833949734e-01 0.000000000000000000e+00
4.530298726192164005e-01 3.342957759834792597e-01 0.000000000000000000e+00
4.192298246378229898e-01 4.660499742864893102e-01 0.000000000000000000e+00
2.398436161243956422e-01 2.411077142617068236e-01 0.000000000000000000e+00
3.716620500471712329e-01 3.389895094668170517e-01 0.000000000000000000e+00
3.073712770151014739e-01 3.696008891662364015e-01 0.000000000000000000e+00
3.846289638736370975e-01 5.060845747842863673e-01 0.000000000000000000e+00
4.185169349570854180e-01 3.645349804820529616e-01 0.000000000000000000e+00
4.211697890925421572e-01 4.418701854912024940e-01 0.000000000000000000e+00
3.075422797613461268e-01 3.594421781554029693e-01 0.000000000000000000e+00
3.103579070982850907e-01 2.306898868093633925e-01 0.000000000000000000e+00
3.280613747401725511e-01 4.891738447030806181e-01 0.000000000000000000e+00
4.425365297052784030e-01 5.369183634098346758e-01 0.000000000000000000e+00
3.574235312336456194e-01 7.507401916910631801e-02 0.000000000000000000e+00
3.890532902845709740e-01 4.638577341013715993e-01 0.000000000000000000e+00
2.765961498174132616e-01 6.088788946210681452e-01 0.000000000000000000e+00
4.132723492583169067e-01 3.859727126795599039e-01 0.000000000000000000e+00
4.367291493028598870e-01 6.075073307469888162e-01 0.000000000000000000e+00
2.311542147501366440e-01 3.047723456148696553e-01 0.000000000000000000e+00
2.801268228175271546e-01 3.095295233114906397e-01 0.000000000000000000e+00
3.988091555659136200e-01 3.240797717427629232e-01 0.000000000000000000e+00
4.017814727302941868e-01 2.487953415105429167e-01 0.000000000000000000e+00
4.004526883697196449e-01 3.981139322872647157e-01 0.000000000000000000e+00
6.053020606084125177e-01 6.198228403848642376e-01 0.000000000000000000e+00
4.360913094132932710e-01 4.587285447703975394e-01 0.000000000000000000e+00
3.359957607139323899e-01 1.928719620276218849e-01 0.000000000000000000e+00
5.053929321142968112e-01 4.948982241923919889e-01 0.000000000000000000e+00
5.319866993708658454e-01 3.112678134213855974e-01 0.000000000000000000e+00
2.074838444547568161e-01 4.898884651681299496e-01 0.000000000000000000e+00
2.843391445151767782e-01 2.545330269269856505e-01 0.000000000000000000e+00
4.275756458202927268e-01 3.999597979077846865e-01 0.000000000000000000e+00
3.477396171092602684e-01 3.308138108370664021e-01 0.000000000000000000e+00
5.904677959867048465e-01 2.914611615449965165e-01 0.000000000000000000e+00
3.772309755055438529e-01 6.007260934725464629e-01 0.000000000000000000e+00
2.767604929528283408e-01 4.200436399768445739e-01 0.000000000000000000e+00
4.493301338101319820e-01 4.035168818248409672e-01 0.000000000000000000e+00
4.247459907715536720e-01 8.654361435272500680e-02 0.000000000000000000e+00
5.631517473308773614e-01 2.978741321993650937e-01 0.000000000000000000e+00
5.635490036796971802e-01 3.942743846173654143e-01 0.000000000000000000e+00
4.395690474712272144e-01 3.856781741672414832e-01 0.000000000000000000e+00
3.616693257649681859e-01 1.473042791937007323e-01 0.000000000000000000e+00
2.572231193148754036e-01 3.038935814464188145e-01 0.000000000000000000e+00
3.396757671153023406e-01 5.935407617503699607e-01 0.000000000000000000e+00
2.774794746868796125e-01 1.763974475801378672e-01 0.000000000000000000e+00
3.954167430938214656e-01 4.734307111735342466e-01 0.000000000000000000e+00
2.363882876935369248e-01 4.618715417574538740e-01 0.000000000000000000e+00
2.609835329332801379e-01 2.377508164056611195e-01 0.000000000000000000e+00
6.728128697654723878e-01 5.332149992742138966e-01 0.000000000000000000e+00
3.441195544267831585e-01 4.073764857519099891e-01 0.000000000000000000e+00
3.590085915753935542e-01 3.227492229174060978e-01 0.000000000000000000e+00
5.496462520952385411e-01 5.839608707937496979e-01 0.000000000000000000e+00
3.137314094555972432e-01 2.586128835734213816e-01 0.000000000000000000e+00
3.754538090194835531e-01 2.939417770279471598e-01 0.000000000000000000e+00
2.938169131197217454e-01 3.394618540115216243e-01 0.000000000000000000e+00
4.925532018303510617e-01 4.755891861013968325e-01 0.000000000000000000e+00
6.272959569327087870e-01 3.005434199522735716e-01 0.000000000000000000e+00
3.130813986160681517e-01 3.165751618388606969e-01 0.000000000000000000e+00
4.598370727244430745e-01 5.585736742001997657e-01 0.000000000000000000e+00
2.105434612332957311e-01 4.482438137258487609e-01 0.000000000000000000e+00
4.469507682826676653e-01 5.013428107981193760e-01 0.000000000000000000e+00
3.665384718485625859e-01 2.132570505196556832e-01 0.000000000000000000e+00
3.530736617730826921e-01 3.409895119051726819e-01 0.000000000000000000e+00
4.254541830872382580e-01 3.360400769097900420e-01 0.000000000000000000e+00
5.652920434270060079e-01 2.522492932808634292e-01 0.000000000000000000e+00
4.917694104956573109e-01 4.437165695874260574e-01 0.000000000000000000e+00
1.332697081614223344e-01 3.436943448313444227e-01 0.000000000000000000e+00
4.635359449146319588e-01 2.785047115727813383e-01 0.000000000000000000e+00
5.863640739660379575e-01 4.009496013764315969e-01 0.000000000000000000e+00
1.768442687805989177e-01 5.190727679407484141e-01 0.000000000000000000e+00
