6.636635350563119262e-01 6.973182234839701010e-01 2.000000000000000000e+00
6.302225396345325636e-01 7.442312061818769919e-01 2.000000000000000000e+00
6.822338928052414930e-01 7.485281431422797782e-01 2.000000000000000000e+00
7.132922051035488487e-01 7.254083583975834415e-01 2.000000000000000000e+00
6.482482711731304414e-01 6.425873237252455183e-01 2.000000000000000000e+00
5.787886177174513813e-01 8.260082224575324705e-01 2.000000000000000000e+00
5.720049720837276919e-01 7.437100356255249567e-01 2.000000000000000000e+00
6.073043167091778383e-01 5.669194870169342870e-01 2.000000000000000000e+00
6.030057354606802589e-01 6.840121142009382149e-01 2.000000000000000000e+00
5.716180970692569252e-01 5.760044684841171270e-01 2.000000000000000000e+00
6.715676312312300889e-01 7.493811549879962897e-01 2.000000000000000000e+00
5.911549747978765978e-01 6.237023588212888825e-01 2.000000000000000000e+00
6.138636648701448761e-01 8.033413264240154561e-01 2.000000000000000000e+00
5.234274517376219515e-01 6.779200808632558362e-01 2.000000000000000000e+00
5.717225921514186293e-01 5.407162031370290611e-01 2.000000000000000000e+00
6.599472953115680385e-01 8.093111685168685732e-01 2.000000000000000000e+00
7.350326342411509506e-01 6.353872369650798158e-01 2.000000000000000000e+00
6.594556762005933104e-01 6.989261187865140057e-01 2.000000000000000000e+00
6.153803685597061257e-01 6.729040674759929619e-01 2.000000000000000000e+00
5.501851146985710095e-01 6.603502649328942820e-01 2.000000000000000000e+00
5.717069951834623520e-01 6.979560337528775138e-01 2.000000000000000000e+00
6.445602890335057067e-01 8.242343436109206278e-01 2.000000000000000000e+00
6.031989809837311478e-01 5.003374410625871516e-01 2.000000000000000000e+00
5.306910186821274245e-01 8.705716620351032775e-01 2.000000000000000000e+00
4.792396753546199761e-01 7.483472177746435250e-01 2.000000000000000000e+00
5.508592863165276965e-01 7.192648465858623164e-01 2.000000000000000000e+00
7.006771777818872060e-01 6.598235826375083990e-01 2.000000000000000000e+00
6.037384339692800639e-01 5.855131418030602442e-01 2.000000000000000000e+00
8.170033344327067848e-01 8.670071328932813515e-01 2.000000000000000000e+00
6.852490744164948522e-01 6.433349954618082789e-01 2.000000000000000000e+00
5.268817679135971987e-01 8.737584847140104083e-01 2.000000000000000000e+00
4.591467638956281960e-01 6.800270816961525577e-01 2.000000000000000000e+00
6.984066968281371635e-01 7.137265722139812807e-01 2.000000000000000000e+00
6.297924761194229060e-01 6.116511050888987500e-01 2.000000000000000000e+00
5.473444927123684023e-01 7.869634166462382563e-01 2.000000000000000000e+00
4.764296208040210701e-01 6.788620670003673307e-01 2.000000000000000000e+00
4.990349509179151100e-01 7.026026047589318813e-01 2.000000000000000000e+00
6.459072171868061041e-01 8.732090153975416991e-01 2.000000000000000000e+00
7.590823817471156199e-01 7.257936646254441460e-01 2.000000000000000000e+00
5.018101358890695307e-01 7.273095213805345072e-01 2.000000000000000000e+00
6.844966508428641516e-01 7.686416422675986793e-01 2.000000000000000000e+00
5.024424377095446648e-01 7.318157869482559974e-01 2.000000000000000000e+00
6.870040159213753883e-01 6.930786926912453350e-01 2.000000000000000000e+00
6.125618287200256251e-01 7.647600911848729810e-01 2.000000000000000000e+00
6.326309441014117407e-01 6.699918609901450717e-01 2.000000000000000000e+00
8.525702295131883934e-01 8.245865816054289699e-01 2.000000000000000000e+00
4.276446831724596831e-01 6.913326266476516047e-01 2.000000000000000000e+00
7.285644844400812614e-01 5.910926549590439505e-01 2.000000000000000000e+00
7.434193681098020257e-01 7.267597321583866288e-01 2.000000000000000000e+00
7.062903122428513258e-01 6.999238804685806725e-01 2.000000000000000000e+00
6.748596176528862678e-01 5.586880321827378815e-01 2.000000000000000000e+00
5.569963033882915360e-01 5.930408011244399091e-01 2.000000000000000000e+00
5.882487940448877239e-01 4.311039477400800402e-01 2.000000000000000000e+00
3.724662024358580403e-01 7.463870907064232840e-01 2.000000000000000000e+00
6.466210718283059711e-01 5.555279957919513345e-01 2.000000000000000000e+00
4.660459392478150109e-01 6.687790915872849906e-01 2.000000000000000000e+00
3.055504265741707526e-01 6.098524135144629543e-01 2.000000000000000000e+00
6.643378257465084591e-01 7.478963034231326246e-01 2.000000000000000000e+00
7.071139784514849369e-01 6.349374194777195335e-01 2.000000000000000000e+00
6.199164810242032697e-01 7.964627150136533995e-01 2.000000000000000000e+00
5.211360183732917095e-01 7.890068688808092867e-01 2.000000000000000000e+00
7.315575002381849989e-01 8.554755948779081409e-01 2.000000000000000000e+00
6.169640213629370429e-01 5.983412235933965873e-01 2.000000000000000000e+00
6.395369335007320410e-01 8.702328877189791090e-01 2.000000000000000000e+00
6.011222765105076471e-01 7.083027469835769807e-01 2.000000000000000000e+00
4.586954062492887840e-01 8.355760995913064093e-01 2.000000000000000000e+00
5.530160850970728958e-01 6.974532424373622863e-01 2.000000000000000000e+00
5.982468637384330545e-01 7.280442816281343932e-01 2.000000000000000000e+00
5.904440541132451870e-01 6.680665023202631003e-01 2.000000000000000000e+00
5.211026030702058387e-01 7.291990807900621263e-01 2.000000000000000000e+00
5.043719539510553851e-01 7.822779199426481700e-01 2.000000000000000000e+00
5.243422219585553989e-01 8.126648166190620914e-01 2.000000000000000000e+00
5.995531957355131336e-01 8.847539282542152828e-01 2.000000000000000000e+00
5.604363255592654802e-01 7.475060306851132319e-01 2.000000000000000000e+00
8.398853529463597978e-01 6.732993815870621512e-01 2.000000000000000000e+00
5.041331654120043693e-01 7.392731691461528198e-01 2.000000000000000000e+00
5.565885958547207579e-01 6.728159269517993701e-01 2.000000000000000000e+00
6.746126366742856151e-01 7.365838274537567232e-01 2.000000000000000000e+00
7.577774459589287082e-01 8.811097337993994971e-01 2.000000000000000000e+00
4.709696141436595651e-01 7.652410229102901695e-01 2.000000000000000000e+00
6.551511732654778930e-01 7.764383510580284975e-01 2.000000000000000000e+00
5.250669853798419773e-01 6.621615152841432428e-01 2.000000000000000000e+00
7.036023123377287414e-01 8.230113145068017610e-01 2.000000000000000000e+00
3.609565946759100141e-01 7.152766810778654616e-01 2.000000000000000000e+00
7.489724486480887622e-01 7.067515520278669916e-01 2.000000000000000000e+00
6.882700181446019805e-01 7.115648599698316534e-01 2.000000000000000000e+00
6.576868118195577928e-01 8.248196063230757158e-01 2.000000000000000000e+00
6.645629854642162160e-01 6.887902722285562662e-01 2.000000000000000000e+00
5.598686474176294281e-01 7.215252313156702568e-01 2.000000000000000000e+00
5.243670515461641424e-01 5.810020582156343316e-01 2.000000000000000000e+00
6.250210530003335041e-01 8.331414881802864381e-01 2.000000000000000000e+00
6.417526622595316477e-01 6.465576428923150987e-01 2.000000000000000000e+00
6.009097062969008807e-01 7.545421007956762960e-01 2.000000000000000000e+00
6.137946333239360230e-01 7.708687321091801659e-01 2.000000000000000000e+00
5.225088765978466165e-01 7.471290131249984645e-01 2.000000000000000000e+00
5.604468837332170494e-01 7.649612435244343978e-01 2.000000000000000000e+00
4.266773558122574639e-01 8.078969448263711994e-01 2.000000000000000000e+00
6.066628746118579718e-01 7.892926777634595714e-01 2.000000000000000000e+00
5.539229783294913334e-01 8.968733662913932481e-01 2.000000000000000000e+00
6.065167945885157064e-01 6.392451109090171446e-01 2.000000000000000000e+00
6.805370167920343771e-01 5.915834502778141157e-01 2.000000000000000000e+00
6.642760141977100963e-01 7.790839422094077982e-01 2.000000000000000000e+00
4.659744505705040174e-01 8.471393752294703594e-01 2.000000000000000000e+00
6.413874847113140154e-01 6.737326500374618554e-01 2.000000000000000000e+00
4.766741562954012190e-01 6.679459637742835021e-01 2.000000000000000000e+00
5.176574776218224594e-01 8.651501810558859251e-01 2.000000000000000000e+00
4.630605618844716997e-01 7.532769282809469447e-01 2.000000000000000000e+00
7.461294574350174624e-01 8.886559989540507853e-01 2.000000000000000000e+00
6.036272196822289882e-01 6.748704658150730396e-01 2.000000000000000000e+00
5.404109420170332134e-01 7.270286958727770754e-01 2.000000000000000000e+00
6.874445745302691924e-01 7.995292369684250389e-01 2.000000000000000000e+00
5.174758986580477726e-01 7.355685533604456872e-01 2.000000000000000000e+00
6.135954441762256906e-01 5.719347151644179617e-01 2.000000000000000000e+00
6.822318270448640698e-01 6.684808427566995004e-01 2.000000000000000000e+00
6.907676264149250622e-01 4.396545514326923310e-01 2.000000000000000000e+00
7.064846538356894801e-01 6.259786287917281644e-01 2.000000000000000000e+00
6.452710990070052999e-01 7.584093509985903037e-01 2.000000000000000000e+00
4.946972530584719530e-01 8.200815693012351026e-01 2.000000000000000000e+00
6.394303076721244983e-01 5.120429200065707009e-01 2.000000000000000000e+00
6.852518385507790910e-01 6.128364917722787242e-01 2.000000000000000000e+00
5.143217462277052121e-01 6.607124917254522112e-01 2.000000000000000000e+00
6.026456813960782144e-01 7.375905020245417942e-01 2.000000000000000000e+00
6.956522072727743256e-01 5.970683164116500352e-01 2.000000000000000000e+00
7.056815612495451751e-01 8.442119814657726984e-01 2.000000000000000000e+00
5.778677500013752466e-01 8.076704282637200416e-01 2.000000000000000000e+00
6.218266372366458850e-01 6.508197039389970184e-01 2.000000000000000000e+00
6.725857897810086916e-01 6.055012854465298133e-01 2.000000000000000000e+00
7.835255252153480177e-01 8.069396105546455811e-01 2.000000000000000000e+00
5.448562093245706839e-01 6.672415588534638120e-01 2.000000000000000000e+00
6.382400715525914370e-01 5.804396977752342979e-01 2.000000000000000000e+00
6.805673329230093049e-01 6.842939657721172075e-01 2.000000000000000000e+00
5.534903291419801530e-01 7.569380392729789797e-01 2.000000000000000000e+00
5.865038874774304301e-01 7.046787586541872761e-01 2.000000000000000000e+00
6.265801948931090104e-01 6.180471650146600604e-01 2.000000000000000000e+00
6.933043161927970877e-01 7.756170913197475425e-01 2.000000000000000000e+00
4.915808019182871802e-01 8.459377444641179578e-01 2.000000000000000000e+00
5.317107224219141948e-01 8.921902817279389053e-01 2.000000000000000000e+00
7.948842536784618273e-01 7.003929544386267025e-01 2.000000000000000000e+00
6.287687129291925636e-01 7.945928120298562103e-01 2.000000000000000000e+00
7.513515987624285186e-01 7.313038926011711238e-01 2.000000000000000000e+00
6.634817673387266579e-01 6.270230018517737314e-01 2.000000000000000000e+00
6.554560166735463600e-01 7.340648019965479998e-01 2.000000000000000000e+00
6.052800868297520953e-01 7.614172633503103471e-01 2.000000000000000000e+00
4.602597137953242656e-01 5.264949205813724831e-01 2.000000000000000000e+00
5.556723979883979592e-01 6.326250960398915879e-01 2.000000000000000000e+00
5.901169669785897298e-01 6.302809100130122300e-01 2.000000000000000000e+00
7.683809095494709140e-01 6.536029196256739615e-01 2.000000000000000000e+00
3.627779550652603935e-01 6.164445421703869110e-01 2.000000000000000000e+00
7.322443752237499659e-01 7.468208352254168680e-01 2.000000000000000000e+00
3.827280857296766481e-01 6.070195820274069121e-01 2.000000000000000000e+00
6.864618095019237032e-01 7.394511290579550700e-01 2.000000000000000000e+00
7.318281389698010342e-01 9.307387484713228742e-01 2.000000000000000000e+00
4.658090011161253319e-01 8.063876209956007957e-01 2.000000000000000000e+00
6.275368020604855657e-01 6.417294909124139357e-01 2.000000000000000000e+00
5.606033987660531404e-01 9.648660237162332010e-01 2.000000000000000000e+00
5.263523092574649009e-01 6.103356314677581551e-01 2.000000000000000000e+00
5.656195971403576994e-01 6.369185775631108770e-01 2.000000000000000000e+00
4.286451018183849437e-01 7.543257530472635697e-01 2.000000000000000000e+00
7.267822269532812074e-01 7.169803319705791989e-01 2.000000000000000000e+00
7.082350570575189908e-01 7.678664281199647501e-01 2.000000000000000000e+00
5.585010378246172413e-01 5.837212798048275753e-01 2.000000000000000000e+00
6.569758289544892493e-01 7.065347156257562045e-01 2.000000000000000000e+00
5.040411438883091177e-01 8.357528802835763049e-01 2.000000000000000000e+00
6.200676943827364562e-01 5.299060862114542969e-01 2.000000000000000000e+00
6.426975730435546819e-01 7.563725506323508707e-01 2.000000000000000000e+00
5.549552063005736002e-01 8.783604298678697742e-01 2.000000000000000000e+00
4.755882151595550722e-01 6.312195321429747707e-01 2.000000000000000000e+00
7.008608035238094169e-01 7.145494878260187921e-01 2.000000000000000000e+00
7.235703131406527877e-01 5.880517043682031986e-01 2.000000000000000000e+00
5.715690028712532289e-01 7.236792187771829976e-01 2.000000000000000000e+00
5.492243446270075324e-01 8.111862838949466248e-01 2.000000000000000000e+00
5.835098533382487851e-01 6.894016011778330011e-01 2.000000000000000000e+00
7.022259050834581684e-01 7.867450162222202614e-01 2.000000000000000000e+00
6.746249613585348914e-01 8.135905535604152083e-01 2.000000000000000000e+00
5.576252665916527906e-01 8.685151498374479306e-01 2.000000000000000000e+00
4.169889049614831644e-01 7.704580588554461595e-01 2.000000000000000000e+00
5.427146321710104582e-01 8.153823513879281393e-01 2.000000000000000000e+00
7.087634343056311570e-01 7.141829655133514754e-01 2.000000000000000000e+00
5.188784151788291554e-01 7.938939333102313922e-01 2.000000000000000000e+00
7.611378643074502293e-01 6.820454492028954485e-01 2.000000000000000000e+00
5.493755910574852352e-01 6.995440033409825453e-01 2.000000000000000000e+00
7.407809850834475851e-01 6.564296609237617597e-01 2.000000000000000000e+00
5.931064229228637519e-01 7.174548682223087503e-01 2.000000000000000000e+00
6.455390312384190477e-01 6.967219385221570249e-01 2.000000000000000000e+00
6.013104349952154148e-01 6.972419326629272218e-01 2.000000000000000000e+00
5.076924497735824104e-01 7.399470143047771620e-01 2.000000000000000000e+00
5.428404455491456782e-01 6.114162037163455299e-01 2.000000000000000000e+00
5.044484676894559483e-01 6.090032856870880584e-01 2.000000000000000000e+00
6.095415943880213572e-01 8.895855590792781653e-01 2.000000000000000000e+00
7.013145501542441540e-01 4.774125115427415023e-01 2.000000000000000000e+00
6.866972715375052605e-01 8.109133093252726132e-01 2.000000000000000000e+00
5.574079904603798097e-01 7.638635197801416643e-01 2.000000000000000000e+00
5.990911760932415842e-01 9.196390204086980491e-01 2.000000000000000000e+00
6.396729375975087617e-01 6.786061850091199554e-01 2.000000000000000000e+00
5.753804827959305701e-01 7.151601392753627051e-01 2.000000000000000000e+00
6.408154842424123032e-01 8.763207529450999234e-01 2.000000000000000000e+00
5.405116185325050671e-01 7.357207118160735693e-01 2.000000000000000000e+00
6.784079493380342774e-01 7.604589697631281009e-01 2.000000000000000000e+00
6.937799807125841767e-01 7.218562139376470954e-01 2.000000000000000000e+00
6.885684079056780815e-01 7.947157672392065608e-01 2.000000000000000000e+00
5.856843923050449874e-01 7.903513774241842649e-01 2.000000000000000000e+00
6.003059841288944654e-01 6.582751793100117821e-01 2.000000000000000000e+00
6.355530246961383911e-01 6.674224642461344947e-01 2.000000000000000000e+00
5.790382735529892022e-01 7.690213202726334796e-01 2.000000000000000000e+00
5.784032385270948540e-01 6.679876256912588017e-01 2.000000000000000000e+00
5.629528315240193148e-01 5.869219180282960746e-01 2.000000000000000000e+00
4.618181912400974864e-01 8.102584368205376641e-01 2.000000000000000000e+00
4.963277009979017440e-01 7.184041767142541612e-01 2.000000000000000000e+00
4.101022224088649026e-01 7.472349794128354539e-01 2.000000000000000000e+00
6.063889142449946368e-01 6.513258054872222980e-01 2.000000000000000000e+00
7.148795432297461172e-01 7.965833703657811959e-01 2.000000000000000000e+00
3.574229120782991820e-01 6.282710874544260582e-01 2.000000000000000000e+00
5.696129330192625240e-01 8.495174070369373442e-01 2.000000000000000000e+00
7.174035835294830799e-01 6.767069824605334016e-01 2.000000000000000000e+00
4.122143740595952122e-01 8.484263170905860241e-01 2.000000000000000000e+00
7.256505712462240076e-01 7.781049429604376400e-01 2.000000000000000000e+00
7.542136238034290452e-01 6.964455893901256855e-01 2.000000000000000000e+00
4.183532949253849775e-01 7.134978851302022917e-01 2.000000000000000000e+00
5.937206771303771280e-01 8.440201121258895656e-01 2.000000000000000000e+00
3.458026020345120188e-01 5.659565475878234331e-01 2.000000000000000000e+00
6.034761813502483863e-01 7.631495391099447634e-01 2.000000000000000000e+00
4.872511448070445117e-01 7.315642962350806799e-01 2.000000000000000000e+00
6.343912402160440944e-01 7.493572964753824062e-01 2.000000000000000000e+00
5.927260966979704948e-01 6.283181030164426417e-01 2.000000000000000000e+00
4.913421670689598897e-01 7.606404337569805385e-01 2.000000000000000000e+00
6.455595294160501041e-01 7.427774488203082726e-01 2.000000000000000000e+00
5.747266335282525951e-01 6.755448116977126327e-01 2.000000000000000000e+00
7.365319467493729455e-01 7.951134545756642913e-01 2.000000000000000000e+00
6.726391779460560993e-01 6.683719662811336004e-01 2.000000000000000000e+00
6.038336072436719659e-01 8.766140354466867013e-01 2.000000000000000000e+00
5.858258091980697024e-01 6.120003441705254010e-01 2.000000000000000000e+00
6.489135816718317740e-01 7.585592144716154506e-01 2.000000000000000000e+00
5.387620125538535865e-01 8.066986855880862173e-01 2.000000000000000000e+00
5.231258548941355446e-01 6.367787737815545634e-01 2.000000000000000000e+00
6.406978663073266134e-01 7.727984898513905465e-01 2.000000000000000000e+00
5.325380650097153445e-01 7.587963927311133228e-01 2.000000000000000000e+00
5.677671874200874713e-01 8.090411775517364346e-01 2.000000000000000000e+00
7.453536873961492670e-01 8.688453494423279411e-01 2.000000000000000000e+00
6.818449576205790619e-01 6.553890003327391689e-01 2.000000000000000000e+00
5.845708330522735308e-01 9.727894309573241749e-01 2.000000000000000000e+00
5.500220816988945494e-01 7.663980314521099402e-01 2.000000000000000000e+00
4.694534166909310469e-01 7.887604214953624071e-01 2.000000000000000000e+00
7.263541316001421722e-01 8.378510129965719422e-01 2.000000000000000000e+00
6.469630681780180748e-01 6.944687132414764097e-01 2.000000000000000000e+00
5.354084513355358288e-01 7.040355076428770342e-01 2.000000000000000000e+00
5.417448210268841491e-01 7.551069048213239210e-01 2.000000000000000000e+00
6.639718879025879872e-01 6.732371996620571952e-01 2.000000000000000000e+00
7.136805603435090184e-01 7.954078229399780264e-01 2.000000000000000000e+00
5.210173054124559444e-01 6.953046565027209969e-01 2.000000000000000000e+00
5.707597783340222497e-01 6.532077259698747529e-01 2.000000000000000000e+00
6.956728819228660265e-01 7.294091916718979940e-01 2.000000000000000000e+00
5.458544606030677482e-01 1.000000000000000000e+00 2.000000000000000000e+00
6.621217037798503569e-01 7.663448107147765587e-01 2.000000000000000000e+00
5.752513266851407847e-01 7.440670120405481480e-01 2.000000000000000000e+00
7.472866753604006096e-01 8.746514014516125757e-01 2.000000000000000000e+00
5.427322988712318663e-01 6.529086666707278885e-01 2.000000000000000000e+00
5.656671146272844730e-01 8.086083457847861311e-01 2.000000000000000000e+00
6.722024233896050083e-01 7.776653370256066955e-01 2.000000000000000000e+00
5.360318707925801895e-01 6.618053855819017173e-01 2.000000000000000000e+00
4.639980434312304114e-01 8.182599931482805733e-01 2.000000000000000000e+00
7.302115768497062787e-01 7.264860700209410105e-01 2.000000000000000000e+00
7.198547509880027784e-01 8.018409086013992271e-01 2.000000000000000000e+00
7.145283643747999403e-01 8.715855561037644250e-01 2.000000000000000000e+00
6.967106177075763629e-01 6.545469606434666243e-01 2.000000000000000000e+00
7.900277524536836182e-01 6.897065661186437824e-01 2.000000000000000000e+00
5.836885687428414737e-01 7.686111934730566198e-01 2.000000000000000000e+00
6.025625388535256199e-01 6.758613700741138430e-01 2.000000000000000000e+00
6.829733530237672712e-01 8.026981368278383044e-01 2.000000000000000000e+00
5.832277662615079628e-01 6.675957557811189602e-01 2.000000000000000000e+00
5.529441492476818709e-01 7.817689451427969338e-01 2.000000000000000000e+00
5.158283777235787015e-01 6.551543097301097962e-01 2.000000000000000000e+00
3.384824218050157540e-01 6.184638466059764195e-01 2.000000000000000000e+00
6.475401298365393021e-01 7.207463849638019449e-01 2.000000000000000000e+00
5.164437168311759585e-01 8.271861564805896849e-01 2.000000000000000000e+00
5.597363499453794633e-01 8.048175222827821385e-01 2.000000000000000000e+00
6.530583733109603939e-01 6.099911369745648626e-01 2.000000000000000000e+00
4.527990100002606821e-01 7.009977535361208156e-01 2.000000000000000000e+00
6.017262639160808613e-01 7.492072432179106567e-01 2.000000000000000000e+00
4.925683103459618239e-01 6.081679967474893367e-01 2.000000000000000000e+00
5.341054651117734808e-01 6.225629172664236544e-01 2.000000000000000000e+00
4.366647936918319761e-01 7.696690092266835759e-01 2.000000000000000000e+00
6.313716718108021153e-01 9.110398861721208386e-01 2.000000000000000000e+00
7.209670671400517650e-01 9.045561649305570162e-01 2.000000000000000000e+00
6.476586856475695653e-01 7.544830395098883757e-01 2.000000000000000000e+00
6.407781630083583257e-01 7.890458323366829063e-01 2.000000000000000000e+00
6.674074069900549633e-01 8.323406681460296941e-01 2.000000000000000000e+00
6.259931993710996512e-01 7.413468388388952945e-01 2.000000000000000000e+00
6.301545084406574571e-01 7.330167517892807183e-01 2.000000000000000000e+00
6.452547216733792723e-01 7.159281642734791617e-01 2.000000000000000000e+00
5.150800980520263694e-01 9.131711146010742519e-01 2.000000000000000000e+00
7.432075199752469219e-01 7.312961433436466763e-01 2.000000000000000000e+00
4.053077366888201416e-01 6.829811672653990362e-01 2.000000000000000000e+00
6.035340864710081465e-01 8.150968975807392214e-01 2.000000000000000000e+00
6.832158049458191273e-01 7.436628972430131546e-01 2.000000000000000000e+00
4.019923335026522881e-01 5.670635956757060780e-01 2.000000000000000000e+00
3.991706511021900217e-01 6.775913969663770464e-01 2.000000000000000000e+00
6.739092321521322759e-01 8.124762760195550770e-01 2.000000000000000000e+00
5.844843063645926984e-01 8.810259143462634279e-01 2.000000000000000000e+00
6.765156855137636205e-01 7.549691507654162637e-01 2.000000000000000000e+00
6.349302096285796004e-01 7.265195557333991028e-01 2.000000000000000000e+00
6.450310684945234074e-01 9.092524845094812624e-01 2.000000000000000000e+00
5.480890126650778127e-01 4.479683218551900326e-01 2.000000000000000000e+00
7.945689022463534590e-01 8.993920250762681423e-01 2.000000000000000000e+00
4.544354027544841856e-01 7.219240663963512050e-01 2.000000000000000000e+00
6.351512912660947086e-01 6.765743388613979503e-01 2.000000000000000000e+00
5.787542337123189329e-01 5.678305106665186841e-01 1.000000000000000000e+00
5.817150111447983996e-01 5.605933940143961181e-01 1.000000000000000000e+00
5.122962613460066983e-01 5.140585987940786694e-01 1.000000000000000000e+00
4.931833568920414024e-01 5.866153549221733154e-01 1.000000000000000000e+00
4.221948850057422598e-01 4.731290102220299665e-01 1.000000000000000000e+00
7.196451082674133470e-01 7.065271335869436342e-01 1.000000000000000000e+00
5.267263948971738774e-01 5.715302532135130287e-01 1.000000000000000000e+00
4.780423707023562230e-01 5.526832997850719131e-01 1.000000000000000000e+00
6.023000486664403796e-01 6.940346928987661812e-01 1.000000000000000000e+00
4.078221882430898004e-01 4.475099428611504226e-01 1.000000000000000000e+00
4.541647114114793493e-01 6.421003640376446997e-01 1.000000000000000000e+00
3.938647012175302553e-01 6.051410509119662384e-01 1.000000000000000000e+00
4.447012263989232328e-01 4.137534094302720566e-01 1.000000000000000000e+00
6.285395654481924499e-01 4.294807942241107845e-01 1.000000000000000000e+00
5.862066295107383196e-01 5.199647665586546452e-01 1.000000000000000000e+00
6.159053609914523220e-01 6.642385666837863356e-01 1.000000000000000000e+00
5.425304841557431201e-01 6.692246171478626326e-01 1.000000000000000000e+00
5.515415937289847026e-01 5.222765855709281535e-01 1.000000000000000000e+00
6.177053983297108308e-01 4.207409312645527533e-01 1.000000000000000000e+00
3.657240859489740981e-01 5.876118601429533017e-01 1.000000000000000000e+00
4.863627392299100238e-01 5.194176820037897935e-01 1.000000000000000000e+00
7.963410643064484651e-01 4.451783955938246051e-01 1.000000000000000000e+00
5.707485263292242372e-01 5.119356447551198785e-01 1.000000000000000000e+00
5.961986994933062833e-01 4.420679941998044149e-01 1.000000000000000000e+00
4.385341928451204629e-01 5.853350867379618627e-01 1.000000000000000000e+00
5.984896417689584691e-01 7.576228065493110231e-01 1.000000000000000000e+00
4.000123510853824116e-01 5.606264050048938019e-01 1.000000000000000000e+00
6.484234181457559920e-01 5.020621044367857833e-01 1.000000000000000000e+00
5.657265592057784120e-01 6.059705747917476515e-01 1.000000000000000000e+00
5.874681393692522402e-01 5.103424046214307674e-01 1.000000000000000000e+00
5.425864456870879149e-01 4.947243257107274417e-01 1.000000000000000000e+00
2.551870540011198507e-01 5.353770432378986976e-01 1.000000000000000000e+00
6.925333879067661069e-01 4.682316955526460434e-01 1.000000000000000000e+00
5.918024660805527581e-01 6.184297644042513475e-01 1.000000000000000000e+00
5.987834774135710747e-01 5.218157327309965732e-01 1.000000000000000000e+00
5.002166608429904349e-01 5.867868375139186909e-01 1.000000000000000000e+00
2.814741750045069435e-01 3.380745189023161013e-01 1.000000000000000000e+00
5.396972913209766576e-01 6.602618337326767728e-01 1.000000000000000000e+00
6.757528916551004405e-01 4.832740485036712275e-01 1.000000000000000000e+00
6.031617043632682140e-01 5.481941193323756067e-01 1.000000000000000000e+00
5.639919572665827996e-01 4.773678565153295361e-01 1.000000000000000000e+00
7.028946133591639223e-01 5.394154555939159046e-01 1.000000000000000000e+00
5.412728322889247545e-01 5.772645486582327345e-01 1.000000000000000000e+00
4.946857429975378140e-01 5.345215339397395571e-01 1.000000000000000000e+00
7.045792022099428564e-01 5.909776147556983217e-01 1.000000000000000000e+00
4.993307865723449757e-01 6.910018423340783533e-01 1.000000000000000000e+00
6.083368488790610318e-01 3.639148586738618629e-01 1.000000000000000000e+00
6.520834597241577102e-01 5.151196709986861633e-01 1.000000000000000000e+00
5.025832199706403713e-01 5.850816237133507070e-01 1.000000000000000000e+00
2.798804077516485744e-01 5.091418505956680773e-01 1.000000000000000000e+00
5.083046868568192878e-01 6.071146938701890150e-01 1.000000000000000000e+00
5.807662870163317059e-01 5.873776565271923156e-01 1.000000000000000000e+00
6.883791132705777693e-01 6.520103967637758124e-01 1.000000000000000000e+00
5.618625468779362420e-01 4.598899074731003789e-01 1.000000000000000000e+00
5.448002508202725025e-01 4.555067378680786594e-01 1.000000000000000000e+00
4.700928792713566784e-01 6.348456012075271993e-01 1.000000000000000000e+00
5.665629693280693768e-01 5.629472074708418150e-01 1.000000000000000000e+00
5.768016427851071493e-01 4.705864327706945072e-01 1.000000000000000000e+00
6.083198633295949787e-01 6.000873050211453785e-01 1.000000000000000000e+00
6.142393048719438919e-01 5.519528332109892022e-01 1.000000000000000000e+00
6.561890231650778782e-01 5.179230663974576654e-01 1.000000000000000000e+00
6.205650604170410700e-01 4.642981606340149114e-01 1.000000000000000000e+00
5.835583307147014231e-01 6.024365300599070494e-01 1.000000000000000000e+00
3.298221849979994791e-01 2.833402011609529314e-01 1.000000000000000000e+00
5.564066184401640358e-01 5.344988244185986392e-01 1.000000000000000000e+00
4.804243606881325457e-01 2.798846252566247750e-01 1.000000000000000000e+00
6.908883894164785655e-01 5.391357908617534500e-01 1.000000000000000000e+00
4.539417918401373320e-01 7.264721606617735583e-01 1.000000000000000000e+00
6.155516242189870146e-01 5.995402581706714695e-01 1.000000000000000000e+00
5.387457566719772162e-01 5.920551037773162939e-01 1.000000000000000000e+00
4.703093005409882954e-01 3.490241497445356056e-01 1.000000000000000000e+00
5.417018439145915298e-01 4.471207170176998980e-01 1.000000000000000000e+00
5.619368932931914085e-01 3.676307865198190639e-01 1.000000000000000000e+00
3.686676820421466716e-01 4.330077933203486662e-01 1.000000000000000000e+00
5.446846678654542195e-01 5.497798454653992639e-01 1.000000000000000000e+00
5.515223589016101657e-01 5.727761657135025386e-01 1.000000000000000000e+00
6.273870594415134061e-01 4.331644657001736398e-01 1.000000000000000000e+00
6.522375496436638720e-01 5.341388561321179784e-01 1.000000000000000000e+00
4.629984068205863501e-01 3.805508278116702670e-01 1.000000000000000000e+00
5.143547379656915330e-01 6.545992473050296079e-01 1.000000000000000000e+00
4.889983004553892232e-01 4.012197188692791516e-01 1.000000000000000000e+00
5.923387582415340358e-01 3.276144431269932822e-01 1.000000000000000000e+00
5.459779887234230689e-01 5.294871022207007227e-01 1.000000000000000000e+00
4.684639958123723580e-01 6.742991568364052890e-01 1.000000000000000000e+00
4.138080876251580276e-01 3.163423132735911358e-01 1.000000000000000000e+00
6.441347838968298767e-01 6.891194819646286884e-01 1.000000000000000000e+00
5.907512702543306071e-01 4.893523669489455719e-01 1.000000000000000000e+00
6.808035741284081954e-01 7.169921860285501936e-01 1.000000000000000000e+00
5.266464907323242794e-01 7.666488450844786140e-01 1.000000000000000000e+00
4.727552580555476336e-01 5.967102692170234146e-01 1.000000000000000000e+00
4.898439026576873467e-01 5.948659722200968503e-01 1.000000000000000000e+00
4.484774870955465786e-01 5.075832882286842596e-01 1.000000000000000000e+00
4.990573113281085438e-01 3.970839657737999517e-01 1.000000000000000000e+00
5.141771307447063899e-01 5.910405788103113567e-01 1.000000000000000000e+00
4.437513281456109682e-01 5.031487175618578611e-01 1.000000000000000000e+00
4.183772731230089303e-01 3.977375023447365376e-01 1.000000000000000000e+00
5.999612383553836192e-01 4.971014448667731567e-01 1.000000000000000000e+00
4.934878546153080303e-01 3.182344962396504995e-01 1.000000000000000000e+00
4.374487358228431599e-01 5.967469646833084562e-01 1.000000000000000000e+00
4.977224480725234712e-01 4.264428687102793658e-01 1.000000000000000000e+00
5.357897505995203868e-01 5.093844144440240473e-01 1.000000000000000000e+00
3.346485917641347507e-01 3.945744566719127655e-01 1.000000000000000000e+00
3.535221019882140991e-01 5.157046721185281069e-01 1.000000000000000000e+00
5.756139006392367863e-01 6.042853781650839862e-01 1.000000000000000000e+00
4.228339878302946886e-01 6.154376632055328367e-01 1.000000000000000000e+00
5.213564861303955356e-01 4.945728882113268887e-01 1.000000000000000000e+00
7.336828580541220335e-01 5.033691704243582477e-01 1.000000000000000000e+00
6.503907877015575600e-01 6.633325442530154659e-01 1.000000000000000000e+00
5.269059889657772278e-01 6.245129505747899490e-01 1.000000000000000000e+00
6.165324912228670184e-01 5.067023391168504753e-01 1.000000000000000000e+00
4.783420873755493408e-01 5.030562294851989025e-01 1.000000000000000000e+00
5.483470052966645802e-01 6.085033320672157409e-01 1.000000000000000000e+00
4.298729311193371094e-01 6.300164131165461034e-01 1.000000000000000000e+00
5.055474650788103208e-01 5.426258476774398209e-01 1.000000000000000000e+00
5.299668854375769733e-01 5.374300000406896372e-01 1.000000000000000000e+00
6.147862725983892496e-01 5.435221161764445252e-01 1.000000000000000000e+00
5.437934919034339565e-01 5.758155015237461649e-01 1.000000000000000000e+00
5.195432381198334948e-01 4.022180796641738332e-01 1.000000000000000000e+00
5.930685628265112141e-01 5.959004258699854839e-01 1.000000000000000000e+00
5.011569610405497421e-01 5.907623137495612298e-01 1.000000000000000000e+00
3.717326943351160762e-01 6.482189029954416037e-01 1.000000000000000000e+00
3.991541580559773150e-01 4.135411183176426753e-01 1.000000000000000000e+00
5.949274633766628018e-01 6.237951281570449646e-01 1.000000000000000000e+00
5.456992071638596675e-01 4.491320443071677437e-01 1.000000000000000000e+00
6.126351288649986015e-01 6.001400697978237497e-01 1.000000000000000000e+00
5.650691755183434584e-01 4.221287163514531593e-01 1.000000000000000000e+00
7.144394172405483801e-01 5.449099755369851694e-01 1.000000000000000000e+00
3.779863779261024015e-01 5.261891442493822346e-01 1.000000000000000000e+00
5.777821314389625096e-01 6.591691991478103585e-01 1.000000000000000000e+00
5.046801197575555564e-01 5.143840572741327222e-01 1.000000000000000000e+00
6.283556714412510402e-01 6.416578354283209995e-01 1.000000000000000000e+00
3.604987296604073577e-01 4.884962360561214689e-01 1.000000000000000000e+00
4.239767934096174140e-01 5.742075171437346359e-01 1.000000000000000000e+00
5.683158153089029607e-01 6.195812801482805110e-01 1.000000000000000000e+00
6.952995638725211203e-01 5.810143969472880698e-01 1.000000000000000000e+00
5.698826084304714490e-01 8.398180119783060782e-01 1.000000000000000000e+00
6.329658492015874938e-01 4.072582253302214350e-01 1.000000000000000000e+00
5.570760928064922846e-01 4.111648941016476932e-01 1.000000000000000000e+00
6.572070192108887543e-01 4.723137489685667600e-01 1.000000000000000000e+00
5.154166462111227087e-01 4.518377264765302548e-01 1.000000000000000000e+00
4.697713322115367740e-01 5.274666156844232123e-01 1.000000000000000000e+00
6.018177632404317912e-01 5.130826459975724729e-01 1.000000000000000000e+00
5.111371911439586135e-01 6.097267474806024046e-01 1.000000000000000000e+00
6.073355506017591443e-01 5.177332189831295173e-01 1.000000000000000000e+00
5.017792884622807037e-01 6.905348428142555894e-01 1.000000000000000000e+00
5.676459243155734802e-01 5.519226113355053531e-01 1.000000000000000000e+00
6.293064802021930415e-01 5.697261366697212726e-01 1.000000000000000000e+00
4.745382305562634295e-01 4.245788079481547794e-01 1.000000000000000000e+00
4.746668466392625074e-01 5.617239782413060434e-01 1.000000000000000000e+00
5.774651877871680439e-01 4.383829543989435362e-01 1.000000000000000000e+00
6.295867604030442877e-01 6.582095704330671593e-01 1.000000000000000000e+00
5.825628190567674336e-01 4.593416467037484407e-01 1.000000000000000000e+00
6.623692117990741535e-01 5.856870436909048516e-01 1.000000000000000000e+00
6.767499029620075435e-01 6.208499310896017365e-01 1.000000000000000000e+00
3.954014355753629473e-01 4.213656011120355260e-01 1.000000000000000000e+00
6.815125674068364114e-01 5.025947931599430429e-01 1.000000000000000000e+00
3.581071413841436235e-01 5.135985590791326549e-01 1.000000000000000000e+00
6.140607642125828214e-01 4.828176905575644051e-01 1.000000000000000000e+00
5.724227278084358383e-01 5.780082686114662582e-01 1.000000000000000000e+00
4.495532737320930283e-01 5.434192528939640887e-01 1.000000000000000000e+00
8.158468727814504051e-01 4.947708755954972060e-01 1.000000000000000000e+00
5.585123487094675321e-01 5.385372175560887431e-01 1.000000000000000000e+00
4.989343453182231714e-01 4.624961894994998324e-01 1.000000000000000000e+00
6.197857297803657239e-01 5.763259470381405514e-01 1.000000000000000000e+00
5.633725418750772373e-01 6.239493723680384907e-01 1.000000000000000000e+00
4.344250359893031543e-01 4.361403916738176845e-01 1.000000000000000000e+00
4.885852502292672428e-01 4.642892428302945462e-01 1.000000000000000000e+00
5.584598182118774012e-01 6.277063613874086512e-01 1.000000000000000000e+00
4.798187852175729295e-01 3.319110559680650274e-01 1.000000000000000000e+00
5.557383864720608635e-01 4.861720146551971045e-01 1.000000000000000000e+00
4.807186080868192102e-01 6.677358747807878858e-01 1.000000000000000000e+00
5.437178732700748141e-01 6.157312301879658278e-01 1.000000000000000000e+00
4.658812804148064202e-01 6.492487933778144926e-01 1.000000000000000000e+00
4.997431204736464960e-01 4.557956512076660194e-01 1.000000000000000000e+00
4.510051329613604665e-01 6.676073557356656529e-01 1.000000000000000000e+00
5.555866066502290757e-01 5.728478591280131704e-01 1.000000000000000000e+00
6.309766645443173338e-01 5.474931183304480031e-01 1.000000000000000000e+00
3.897875497082917695e-01 5.519047917573340900e-01 1.000000000000000000e+00
5.809331911741612009e-01 3.740250757502315837e-01 1.000000000000000000e+00
4.831023366342898639e-01 4.967944430257310584e-01 1.000000000000000000e+00
4.499337038211577156e-01 5.877240237217468133e-01 1.000000000000000000e+00
5.879764592633560660e-01 6.330563789459396906e-01 1.000000000000000000e+00
5.709870610134469837e-01 5.549661046029126243e-01 1.000000000000000000e+00
5.262335188056753710e-01 5.022152086009337157e-01 1.000000000000000000e+00
4.990553037475702336e-01 5.798303804510437365e-01 1.000000000000000000e+00
5.883481634347399458e-01 4.580133101433824239e-01 1.000000000000000000e+00
5.515152712504206578e-01 6.540118379257371384e-01 1.000000000000000000e+00
4.301866986998003073e-01 5.725721493566229281e-01 1.000000000000000000e+00
4.586698793749177105e-01 5.335792390473031999e-01 1.000000000000000000e+00
6.500175614987062644e-01 3.407685679647419752e-01 1.000000000000000000e+00
5.172740239809251461e-01 4.037870969892846107e-01 1.000000000000000000e+00
5.686638279521605277e-01 6.078713124350682007e-01 1.000000000000000000e+00
7.596083236444296505e-01 5.297621282361252293e-01 1.000000000000000000e+00
5.347247690177132640e-01 6.565952007863798956e-01 1.000000000000000000e+00
5.311139496374763791e-01 6.173283397946708329e-01 1.000000000000000000e+00
5.808472438737075638e-01 5.129905013968096839e-01 1.000000000000000000e+00
4.434737932567129892e-01 4.709193196378337887e-01 1.000000000000000000e+00
6.364803003128467473e-01 5.232354398466154688e-01 1.000000000000000000e+00
5.080118001543619810e-01 6.192702605574617047e-01 1.000000000000000000e+00
5.449813372834293457e-01 5.249398048344259271e-01 1.000000000000000000e+00
5.179365912865593335e-01 6.429403846181405147e-01 1.000000000000000000e+00
6.712720842306523217e-01 7.852502880674270269e-01 1.000000000000000000e+00
3.224835470552295247e-01 5.629167442682107003e-01 1.000000000000000000e+00
5.204985015066794229e-01 5.202792356794949669e-01 1.000000000000000000e+00
4.531888772996265358e-01 6.258759291489495169e-01 1.000000000000000000e+00
6.242687213541563418e-01 4.779554837247994015e-01 1.000000000000000000e+00
5.306203014910123583e-01 4.871576959785949290e-01 1.000000000000000000e+00
4.373236492977272127e-01 6.378575267833125340e-01 1.000000000000000000e+00
4.996799979859702368e-01 6.291334309158672644e-01 1.000000000000000000e+00
6.357706469096905399e-01 5.777623733622235802e-01 1.000000000000000000e+00
3.549490018510319533e-01 5.969786757753854367e-01 1.000000000000000000e+00
4.960866611567683049e-01 4.118711478922766345e-01 1.000000000000000000e+00
5.108589888662421474e-01 4.588922894547317610e-01 1.000000000000000000e+00
5.425935257811156376e-01 5.123551135670535439e-01 1.000000000000000000e+00
5.509841295633227665e-01 5.562753117437995165e-01 1.000000000000000000e+00
5.042771235186205292e-01 6.094048800621794104e-01 1.000000000000000000e+00
5.385836647403486888e-01 4.642258069500801998e-01 1.000000000000000000e+00
4.487423782629404445e-01 6.024303062310821799e-01 1.000000000000000000e+00
4.054116061468938104e-01 5.199549996601872115e-01 1.000000000000000000e+00
5.973482517106492029e-01 5.766632111175377107e-01 1.000000000000000000e+00
5.228383490051702331e-01 5.639367956056072773e-01 1.000000000000000000e+00
5.631269483061830394e-01 4.892896023565179719e-01 1.000000000000000000e+00
5.075882933100753780e-01 5.122478878552458870e-01 1.000000000000000000e+00
5.928310860621635037e-01 5.364492277133592335e-01 1.000000000000000000e+00
5.050729559842492833e-01 5.978539985289186287e-01 1.000000000000000000e+00
5.691246902614547354e-01 4.244715426831655591e-01 1.000000000000000000e+00
5.227159956520754935e-01 5.376338489438756696e-01 1.000000000000000000e+00
3.774278792482439471e-01 6.016366509615331815e-01 1.000000000000000000e+00
4.925079996199218657e-01 3.368657041094151317e-01 1.000000000000000000e+00
6.771351208497607965e-01 5.772336653181235899e-01 1.000000000000000000e+00
5.423440331684146187e-01 4.745742441698554415e-01 1.000000000000000000e+00
5.174839770588380850e-01 5.266537138891727032e-01 1.000000000000000000e+00
5.294589805385149228e-01 4.430068325799783602e-01 1.000000000000000000e+00
5.655097443441814420e-01 5.458139186562867007e-01 1.000000000000000000e+00
5.455525985929806643e-01 5.213171294948458767e-01 1.000000000000000000e+00
5.442494971983792285e-01 5.869580801862754882e-01 1.000000000000000000e+00
5.520831305878663997e-01 5.534505429274165778e-01 1.000000000000000000e+00
5.283657657169034128e-01 6.833013564955743302e-01 1.000000000000000000e+00
5.510002181541586719e-01 6.145416016053855124e-01 1.000000000000000000e+00
4.583613966779391813e-01 5.993447546214276667e-01 1.000000000000000000e+00
5.427521868790363690e-01 5.075060757334841632e-01 1.000000000000000000e+00
5.900642448293892395e-01 5.048768235618420475e-01 1.000000000000000000e+00
4.705335946347093401e-01 4.491233573431854253e-01 1.000000000000000000e+00
5.754700469740925417e-01 5.043078336295525599e-01 1.000000000000000000e+00
4.950734233113290861e-01 5.681789956532375951e-01 1.000000000000000000e+00
5.971800450648113712e-01 4.125183554283433640e-01 1.000000000000000000e+00
4.422412978571046427e-01 5.164823915695216927e-01 1.000000000000000000e+00
5.708327964632368134e-01 5.764910703948636916e-01 1.000000000000000000e+00
6.693061489111336027e-01 7.768993801285298817e-01 1.000000000000000000e+00
5.277489589739209341e-01 6.438591279894171349e-01 1.000000000000000000e+00
4.708691411287722617e-01 5.077257636779218819e-01 1.000000000000000000e+00
4.783380680800817242e-01 4.628884404520093865e-01 1.000000000000000000e+00
5.472396540854665981e-01 4.333248438492203203e-01 1.000000000000000000e+00
4.211139962225527444e-01 5.542820343756309498e-01 1.000000000000000000e+00
5.646762841634597185e-01 5.706356108055999909e-01 1.000000000000000000e+00
6.903358115250698424e-01 5.656664689496559983e-01 1.000000000000000000e+00
6.745037783434280065e-01 6.076671352774839496e-01 1.000000000000000000e+00
5.393899785855186257e-01 5.500439171932460791e-01 1.000000000000000000e+00
6.807159060320036037e-01 6.286333572146407533e-01 1.000000000000000000e+00
4.994640472848602131e-01 5.431210031989012199e-01 1.000000000000000000e+00
5.618961181005212024e-01 6.881367663292963233e-01 1.000000000000000000e+00
4.523692366587359071e-01 4.198001983229621703e-01 1.000000000000000000e+00
5.569067510605109073e-01 4.349330524931984132e-01 1.000000000000000000e+00
6.368288042196584842e-01 6.159460498786401006e-01 1.000000000000000000e+00
5.062789540090520957e-01 5.463410247474046466e-01 1.000000000000000000e+00
7.419252074127582475e-01 6.111765111880620438e-01 1.000000000000000000e+00
4.844930812115272323e-01 4.502524378740818123e-01 1.000000000000000000e+00
4.664880200230605012e-01 5.471252113960773933e-01 1.000000000000000000e+00
5.561921629984776239e-01 5.496420941191528797e-01 1.000000000000000000e+00
6.516388342320105220e-01 6.144040754263744297e-01 1.000000000000000000e+00
6.305181314272250148e-01 5.387369772622531139e-01 1.000000000000000000e+00
6.609624404050538082e-01 4.840326788738820718e-01 1.000000000000000000e+00
4.511967633794920496e-01 4.665500769275944815e-01 1.000000000000000000e+00
5.013841200978741419e-01 3.409283661323956327e-01 1.000000000000000000e+00
6.036113187640812505e-01 6.084937652338496816e-01 1.000000000000000000e+00
6.945130656558513582e-01 4.396526134685040943e-01 1.000000000000000000e+00
5.977284597628582663e-01 6.352627181457110028e-01 1.000000000000000000e+00
5.450834505477922809e-01 4.002061893202987219e-01 1.000000000000000000e+00
6.470422428396543912e-01 5.232661387629132799e-01 1.000000000000000000e+00
4.738212310390780835e-01 5.029684564996809160e-01 1.000000000000000000e+00
5.271439461570066598e-01 4.856613750563265608e-01 1.000000000000000000e+00
5.426190514260272879e-01 3.867993238966855873e-01 1.000000000000000000e+00
5.970369342887185127e-01 5.058743278915147634e-01 1.000000000000000000e+00
5.907452574886227215e-01 4.622742053907166193e-01 1.000000000000000000e+00
6.208314798503191678e-01 4.853867541533093966e-01 1.000000000000000000e+00
5.473465650763976731e-01 7.169714745953110757e-01 1.000000000000000000e+00
4.460990984671478476e-01 5.573203223263410999e-01 1.000000000000000000e+00
4.156415820179601428e-01 5.013255979501578530e-01 1.000000000000000000e+00
4.674178625913685825e-01 5.372042230578010225e-01 1.000000000000000000e+00
6.841527020977273832e-01 6.262965111800141704e-01 1.000000000000000000e+00
5.823468090402262876e-01 5.330129745454906809e-01 1.000000000000000000e+00
5.676929709509835886e-01 5.089713800592139403e-01 1.000000000000000000e+00
5.709599873582847929e-01 4.865200120549814655e-01 1.000000000000000000e+00
4.651435017698813956e-01 4.496209639652954393e-01 1.000000000000000000e+00
4.449064827961859980e-01 4.609892743742908805e-01 1.000000000000000000e+00
6.432272028935314134e-01 4.950010691838909183e-01 1.000000000000000000e+00
6.203473749197160325e-01 4.696592056466977749e-01 1.000000000000000000e+00
5.938010280066808866e-01 6.141316832477445864e-01 1.000000000000000000e+00
5.567986359826546661e-01 5.752344976192572679e-01 1.000000000000000000e+00
5.086549268168286675e-01 5.633874079694702885e-01 1.000000000000000000e+00
5.421281228092463822e-01 3.538324404198252560e-01 1.000000000000000000e+00
5.631620384865405615e-01 5.504777458367602350e-01 1.000000000000000000e+00
4.787526019816838452e-01 5.405884981199328143e-01 1.000000000000000000e+00
6.296629177399433175e-01 5.643540311336679993e-01 1.000000000000000000e+00
6.250265156290935042e-01 4.973829487879466993e-01 1.000000000000000000e+00
7.437089467811865973e-01 5.492178793026544215e-01 1.000000000000000000e+00
6.540602826993661134e-01 3.609299807591560549e-01 1.000000000000000000e+00
6.205383938790733911e-01 5.238229521374461184e-01 1.000000000000000000e+00
6.894324478966428194e-01 4.008611682230917017e-01 1.000000000000000000e+00
6.928098849085189137e-01 5.041470639260617892e-01 1.000000000000000000e+00
4.692529650183466239e-01 5.782156162856375570e-01 1.000000000000000000e+00
5.315043228568032685e-01 4.110598809589042224e-01 1.000000000000000000e+00
4.544781870320490635e-01 7.201607487946471986e-01 1.000000000000000000e+00
4.548148339171090293e-01 4.484227830763186096e-01 1.000000000000000000e+00
2.513605174283738419e-01 3.897251587353661173e-01 1.000000000000000000e+00
6.489017282365532324e-01 4.399630148358744108e-01 1.000000000000000000e+00
5.949088629508255677e-01 5.067057222568186470e-01 1.000000000000000000e+00
4.761075252879029551e-01 7.130666228390432071e-01 1.000000000000000000e+00
6.406167834392556548e-01 6.419562776378602287e-01 1.000000000000000000e+00
5.157092625358444815e-01 4.619316166318929162e-01 1.000000000000000000e+00
5.203741006771782640e-01 5.873503923243831304e-01 1.000000000000000000e+00
5.091010114749169313e-01 5.881536397655852122e-01 1.000000000000000000e+00
6.479725951166314113e-01 5.065495851675221317e-01 1.000000000000000000e+00
5.738314020671257953e-01 5.693805197197208123e-01 1.000000000000000000e+00
6.670056127570690441e-01 5.641846388419506919e-01 1.000000000000000000e+00
6.165575302215183795e-01 4.115911627901712166e-01 1.000000000000000000e+00
6.067478812039647229e-01 5.428649786399051269e-01 1.000000000000000000e+00
5.714407172070922192e-01 4.735679026090216515e-01 1.000000000000000000e+00
5.823826948411222615e-01 4.983453054333129018e-01 1.000000000000000000e+00
5.291596225597227088e-01 4.551864070408361274e-01 1.000000000000000000e+00
5.966073839824731495e-01 4.502333101296426832e-01 1.000000000000000000e+00
4.633620850638414668e-01 6.380451359271747114e-01 1.000000000000000000e+00
3.273111563615057618e-01 4.931267332641441903e-01 1.000000000000000000e+00
5.384789216515941668e-01 4.957096633711321476e-01 1.000000000000000000e+00
4.954651737957182500e-01 2.886468915274637559e-01 1.000000000000000000e+00
5.111823210882597834e-01 5.577494247246910231e-01 1.000000000000000000e+00
5.813717670620262012e-01 5.064926543830803318e-01 1.000000000000000000e+00
7.288846762797420720e-01 5.273282680939106459e-01 1.000000000000000000e+00
4.794910939001025274e-01 4.457936236827603760e-01 1.000000000000000000e+00
5.054623876876292998e-01 5.310350583329387364e-01 1.000000000000000000e+00
4.788260345847745736e-01 5.719711442945486501e-01 1.000000000000000000e+00
6.401777491025186784e-01 5.788438635423257539e-01 1.000000000000000000e+00
4.660286763337569416e-01 3.302688516385696160e-01 1.000000000000000000e+00
3.813563337350884819e-01 5.876515052219637436e-01 1.000000000000000000e+00
6.530425592742152840e-01 7.010814987457477665e-01 1.000000000000000000e+00
4.691032755855569780e-01 5.932139646063792071e-01 1.000000000000000000e+00
6.711502779123301732e-01 6.008530647869227970e-01 1.000000000000000000e+00
6.095750819524919928e-01 4.212731214700369820e-01 0.000000000000000000e+00
3.488772854645338928e-01 1.275333900444302615e-01 0.000000000000000000e+00
3.914919945944045909e-01 4.796000787890870032e-01 0.000000000000000000e+00
3.608894542762789981e-01 2.842361646207803849e-01 0.000000000000000000e+00
4.056135178256799478e-01 4.025324412025891307e-01 0.000000000000000000e+00
5.613671588246132993e-01 3.098951199136431578e-01 0.000000000000000000e+00
4.874110411324948378e-01 4.680550021331637001e-01 0.000000000000000000e+00
5.049432907338645693e-01 3.188259237274147506e-01 0.000000000000000000e+00
6.308956705589844338e-01 5.184292215316617103e-01 0.000000000000000000e+00
4.801038613320471327e-01 3.993594956466303136e-01 0.000000000000000000e+00
3.587201099622306377e-01 4.728565637586835679e-01 0.000000000000000000e+00
4.471914512564197919e-01 3.702472749857618206e-01 0.000000000000000000e+00
6.761952638062554977e-01 5.115132897450564986e-01 0.000000000000000000e+00
3.490726884798270868e-01 4.141211384389704153e-01 0.000000000000000000e+00
3.959095020986365676e-01 4.259747196310465500e-01 0.000000000000000000e+00
4.571827122452011283e-01 4.255598173578210575e-01 0.000000000000000000e+00
3.104742917027901727e-01 5.623424456573610231e-01 0.000000000000000000e+00
4.618840849628182976e-01 5.610927614529801488e-01 0.000000000000000000e+00
3.176640246330538209e-01 1.734310271397171976e-01 0.000000000000000000e+00
4.473467901079827835e-01 3.044992814012019156e-01 0.000000000000000000e+00
3.821060733414519128e-01 4.057506529057776645e-01 0.000000000000000000e+00
3.965998576345721172e-01 3.786750349446481589e-01 0.000000000000000000e+00
2.674671651674223050e-01 2.837852561358870096e-01 0.000000000000000000e+00
3.330719125768956124e-01 3.160897580956178454e-01 0.000000000000000000e+00
3.342308723583729546e-01 4.544968598693672202e-01 0.000000000000000000e+00
2.685758268142319771e-01 3.415854291229717954e-01 0.000000000000000000e+00
2.342812727018543928e-01 5.759179392379970563e-01 0.000000000000000000e+00
3.211075447484419976e-01 4.836217343877163843e-01 0.000000000000000000e+00
4.154553324160144556e-01 5.105208626521161586e-01 0.000000000000000000e+00
3.948435308371004981e-01 2.678572094856969676e-01 0.000000000000000000e+00
4.273148104151380244e-01 3.128678792869341030e-01 0.000000000000000000e+00
3.467607186685454645e-01 2.148338438244041249e-01 0.000000000000000000e+00
5.839643596020744898e-01 3.240072759845613048e-01 0.000000000000000000e+00
6.088435462129948572e-01 4.624576931375709576e-01 0.000000000000000000e+00
5.535406162178119205e-01 6.289110896247526172e-01 0.000000000000000000e+00
5.110984876229472951e-01 4.701006864811024810e-01 0.000000000000000000e+00
2.749061486575383184e-01 4.897355882876841537e-01 0.000000000000000000e+00
2.379494661398850464e-01 4.143404228628365105e-01 0.000000000000000000e+00
6.067249357292295864e-01 4.283578612827588783e-01 0.000000000000000000e+00
5.591374278452565516e-01 1.607463888144789188e-01 0.000000000000000000e+00
5.294592792982967255e-01 5.186325703456301506e-01 0.000000000000000000e+00
4.367908095867484297e-01 4.496480868154430488e-01 0.000000000000000000e+00
4.941435673548015273e-01 4.658715604210029726e-01 0.000000000000000000e+00
4.144944939288917052e-01 6.429608995961125784e-01 0.000000000000000000e+00
4.308278749565047638e-01 3.714737827790024483e-01 0.000000000000000000e+00
4.712823585834773898e-01 4.478884127742631671e-01 0.000000000000000000e+00
3.595781405662744068e-01 3.697505904783342512e-01 0.000000000000000000e+00
4.826863691829198499e-01 2.483927315738971853e-01 0.000000000000000000e+00
4.690606255891845988e-01 3.365655645527959594e-01 0.000000000000000000e+00
3.204784327153317181e-01 3.222337420854222145e-01 0.000000000000000000e+00
5.048970577440804464e-01 3.620994674733226670e-01 0.000000000000000000e+00
5.298244261083983053e-01 5.572153111830284722e-01 0.000000000000000000e+00
4.653688871268847338e-01 4.206932875287839879e-01 0.000000000000000000e+00
5.681096882603781095e-01 4.436694762128078895e-01 0.000000000000000000e+00
3.850661821164620968e-01 4.423435571671671118e-01 0.000000000000000000e+00
4.254967669824179510e-01 3.489763262055780579e-01 0.000000000000000000e+00
3.480594206364828747e-01 4.864883349853905137e-01 0.000000000000000000e+00
5.861144950604778581e-01 5.789910410213474634e-01 0.000000000000000000e+00
4.164460221217876068e-01 2.472403601096425652e-01 0.000000000000000000e+00
3.662943518991429448e-01 3.941170903576505791e-01 0.000000000000000000e+00
3.527923229545542050e-01 3.132462622278113784e-01 0.000000000000000000e+00
3.751852231102744684e-01 3.613046006030190549e-01 0.000000000000000000e+00
5.092780373648443382e-01 3.399462252275872176e-01 0.000000000000000000e+00
5.186852982009821922e-01 4.338792392678322285e-01 0.000000000000000000e+00
3.811885437375853725e-01 3.332973849513805042e-01 0.000000000000000000e+00
4.889395240958909761e-01 4.452710905064395930e-01 0.000000000000000000e+00
4.258214583243805085e-01 2.078205559574950734e-01 0.000000000000000000e+00
3.937297712798416560e-01 3.540414962237889984e-01 0.000000000000000000e+00
3.637793980993045406e-01 4.885044085843702200e-01 0.000000000000000000e+00
4.704238215817488356e-01 5.236036285722065475e-01 0.000000000000000000e+00
5.335475953015228479e-01 3.683428350805831308e-01 0.000000000000000000e+00
5.515501852276484263e-01 3.795444582609248663e-01 0.000000000000000000e+00
3.409376906324337875e-01 3.118851153545814103e-01 0.000000000000000000e+00
3.753612126138159977e-01 4.027530398263858835e-01 0.000000000000000000e+00
3.068878791223659808e-01 5.253284294323883330e-01 0.000000000000000000e+00
0.000000000000000000e+00 3.930937147248483310e-01 0.000000000000000000e+00
4.305922404437602102e-01 4.311090814951131778e-01 0.000000000000000000e+00
2.374557659792384257e-01 2.895435221633458345e-01 0.000000000000000000e+00
5.008744289032289743e-01 3.729832955025412233e-01 0.000000000000000000e+00
3.449635067799736166e-01 6.007780900273564928e-01 0.000000000000000000e+00
4.893725393279957925e-01 6.874888552750604287e-01 0.000000000000000000e+00
3.568720693347063322e-01 5.035900363542618052e-01 0.000000000000000000e+00
5.115191577785707100e-01 3.796617837342969315e-01 0.000000000000000000e+00
3.993967224483207512e-01 4.397293695850653661e-01 0.000000000000000000e+00
5.642834478806125764e-01 4.469242333908923781e-01 0.000000000000000000e+00
4.462730260961992323e-01 3.630657058932541537e-01 0.000000000000000000e+00
3.443108758866985086e-01 2.533093118089989049e-01 0.000000000000000000e+00
5.135961159332019799e-01 6.817985057498420209e-01 0.000000000000000000e+00
3.207817967195191189e-01 4.280216820572161907e-01 0.000000000000000000e+00
3.036934896961699382e-01 3.040920527875698443e-01 0.000000000000000000e+00
4.502764815044901781e-01 3.344039035930811976e-01 0.000000000000000000e+00
2.046520756902368565e-01 3.436387666334033697e-01 0.000000000000000000e+00
4.163865823054312409e-01 4.828357730910999845e-01 0.000000000000000000e+00
5.441549335109896468e-01 3.627153513323889134e-01 0.000000000000000000e+00
4.152219759983845626e-01 5.382110156165459403e-01 0.000000000000000000e+00
4.534815851345579962e-01 4.047115886346301372e-01 0.000000000000000000e+00
5.128147668216554989e-01 5.484707451570443038e-01 0.000000000000000000e+00
2.591901430373160786e-01 2.921231510587073421e-01 0.000000000000000000e+00
4.440632584543768302e-01 4.107732805194235226e-01 0.000000000000000000e+00
4.522851623019926715e-01 2.417709595579982107e-01 0.000000000000000000e+00
4.450858459373954745e-01 4.517336302202931142e-01 0.000000000000000000e+00
6.056194550538902543e-01 4.048264813663194350e-01 0.000000000000000000e+00
4.944264943128169887e-01 2.767677440770658914e-01 0.000000000000000000e+00
3.711801254374589853e-01 4.676229466106135435e-01 0.000000000000000000e+00
5.365837188349431575e-01 5.507143604853375063e-01 0.000000000000000000e+00
4.311460225652523626e-01 4.021722980688966498e-01 0.000000000000000000e+00
3.690751320580314965e-01 5.155679195257957259e-01 0.000000000000000000e+00
4.092553631547808934e-01 4.240009008660579060e-01 0.000000000000000000e+00
3.458425451610867007e-01 3.879129262947483281e-01 0.000000000000000000e+00
3.700598234405915177e-01 5.390582594940539485e-01 0.000000000000000000e+00
3.341458916942602331e-01 2.250447537061609216e-01 0.000000000000000000e+00
3.330420138115475215e-01 5.182049313942922453e-01 0.000000000000000000e+00
5.010892335619578919e-01 4.143527584050243351e-01 0.000000000000000000e+00
4.094763623902840100e-01 3.234040328037357526e-01 0.000000000000000000e+00
4.144261338081490775e-01 4.069292196940630379e-01 0.000000000000000000e+00
4.848922961999009296e-01 5.704815107823870690e-01 0.000000000000000000e+00
4.207598448843012928e-01 5.445569649265934453e-01 0.000000000000000000e+00
5.596914986696310823e-01 5.429277313973811525e-01 0.000000000000000000e+00
3.228223460398549349e-01 5.474072407584044120e-01 0.000000000000000000e+00
4.797451511141104796e-01 4.831344929989113690e-01 0.000000000000000000e+00
3.812233659651396156e-01 4.532574099600374384e-01 0.000000000000000000e+00
3.692137461607709059e-01 5.063402814504944782e-01 0.000000000000000000e+00
4.289901473152866740e-01 4.746584337442806278e-01 0.000000000000000000e+00
4.856513024375482823e-01 5.597921872559075140e-01 0.000000000000000000e+00
4.465834521559464698e-01 5.945034464084715253e-01 0.000000000000000000e+00
5.161637444430450250e-01 5.408857064150143223e-01 0.000000000000000000e+00
3.687289444922576820e-01 1.864009055545726434e-01 0.000000000000000000e+00
3.701990984135450913e-01 5.552761884078198928e-01 0.000000000000000000e+00
3.359053357129406225e-01 2.964445835040458443e-01 0.000000000000000000e+00
3.583199518940256012e-01 3.579354052175657830e-01 0.000000000000000000e+00
5.659264815707782947e-01 4.802707512319516203e-01 0.000000000000000000e+00
5.837709039698134594e-01 3.945606675607021274e-01 0.000000000000000000e+00
3.868797186669377663e-01 3.807612794682735391e-01 0.000000000000000000e+00
3.673540806577790252e-01 2.854934360293778783e-01 0.000000000000000000e+00
3.712525515963370215e-01 4.432381404893841470e-01 0.000000000000000000e+00
5.379625763584320319e-01 4.988545021462881812e-01 0.000000000000000000e+00
5.703489732651187971e-01 5.521965277953303497e-01 0.000000000000000000e+00
3.556993453742381406e-01 2.249381762560135334e-01 0.000000000000000000e+00
3.341453085530358136e-01 2.609102513111828392e-01 0.000000000000000000e+00
5.456216642083054902e-01 4.037910009110482479e-01 0.000000000000000000e+00
3.888907390204864312e-01 4.820727323326076674e-01 0.000000000000000000e+00
4.928022378496852429e-01 4.611711314281384810e-01 0.000000000000000000e+00
4.172226642682403397e-01 4.094877596269603792e-01 0.000000000000000000e+00
3.209550624819488274e-01 4.318962665471883233e-01 0.000000000000000000e+00
4.716759630831420802e-01 2.391561797549460466e-01 0.000000000000000000e+00
5.562796771900910819e-01 4.348787940604425528e-01 0.000000000000000000e+00
3.206154731158064042e-01 4.270438487006306683e-01 0.000000000000000000e+00
5.207550042783009037e-01 4.002280937127487004e-01 0.000000000000000000e+00
5.937490291617972815e-01 5.230513528423241798e-01 0.000000000000000000e+00
5.190031390296565572e-01 4.649921000378411384e-01 0.000000000000000000e+00
3.587152936120838187e-01 3.843732979929637139e-01 0.000000000000000000e+00
5.806633527033829845e-01 5.578667065837634720e-01 0.000000000000000000e+00
3.215013091357147856e-01 3.556195760067412670e-01 0.000000000000000000e+00
4.792172033053702651e-01 5.882929398112960451e-01 0.000000000000000000e+00
4.302978821589673042e-01 4.157730230530662929e-01 0.000000000000000000e+00
4.820395401395289880e-01 3.889964034886108646e-01 0.000000000000000000e+00
3.208624158245683700e-01 3.793920594058877160e-01 0.000000000000000000e+00
2.964897955637147975e-01 4.822761909463034180e-01 0.000000000000000000e+00
4.579435989761668768e-01 6.196645869730992295e-01 0.000000000000000000e+00
4.258168716427271350e-01 3.187518504746428283e-01 0.000000000000000000e+00
4.264778524716477115e-01 3.886183665637850115e-01 0.000000000000000000e+00
3.732934293832680939e-01 6.625745197888686100e-01 0.000000000000000000e+00
2.401500027377187207e-01 4.446186442753977119e-01 0.000000000000000000e+00
6.919978757203796293e-01 5.677456368942034315e-01 0.000000000000000000e+00
3.680449262607634608e-01 5.599444453728945614e-01 0.000000000000000000e+00
5.587773892971708012e-01 4.024501012760739460e-01 0.000000000000000000e+00
2.314371946783254086e-01 4.531906436688943884e-01 0.000000000000000000e+00
3.949778506844378034e-01 4.032560202572610941e-01 0.000000000000000000e+00
2.232222717718216065e-01 2.875839840470833519e-01 0.000000000000000000e+00
3.771361800931075647e-01 3.926129856894574610e-01 0.000000000000000000e+00
5.338048996729465312e-01 3.396519866428250878e-01 0.000000000000000000e+00
4.497347779964241954e-01 4.592541790808440938e-01 0.000000000000000000e+00
2.505830039924507591e-01 3.688234165604905024e-01 0.000000000000000000e+00
5.186909752199150292e-01 4.655324714969159006e-01 0.000000000000000000e+00
4.643771075114094815e-01 3.905610792999357206e-01 0.000000000000000000e+00
4.379182325729192859e-01 3.727295048774029729e-01 0.000000000000000000e+00
4.002600113212808064e-01 3.766112246047979562e-01 0.000000000000000000e+00
3.269249568083744117e-01 5.492880856286914693e-01 0.000000000000000000e+00
2.181891571203708191e-01 4.659919478778736801e-01 0.000000000000000000e+00
4.305355729340410442e-01 4.287814251442318980e-01 0.000000000000000000e+00
3.986073397212921976e-01 3.590181361697749041e-01 0.000000000000000000e+00
3.804386416402240623e-01 3.788949200389663541e-01 0.000000000000000000e+00
4.649708136843943018e-01 4.623292813249073596e-01 0.000000000000000000e+00
4.184048115668339007e-01 1.138341168406308140e-01 0.000000000000000000e+00
4.946460255752005986e-01 5.854806658401708885e-01 0.000000000000000000e+00
3.942439599445759502e-01 2.875088923283937170e-01 0.000000000000000000e+00
3.249104283814845395e-01 4.023029065471613319e-01 0.000000000000000000e+00
3.349203453098170136e-01 3.043523186688256721e-01 0.000000000000000000e+00
3.995368800083451966e-01 4.138326933676905739e-01 0.000000000000000000e+00
5.093982913969740123e-01 3.515609777594173035e-01 0.000000000000000000e+00
3.007110410793964461e-01 3.618881668911009819e-01 0.000000000000000000e+00
4.373574285362875069e-01 4.188920850544146091e-01 0.000000000000000000e+00
3.986136429241413648e-01 4.089927923439734547e-01 0.000000000000000000e+00
2.849092464046242834e-01 4.724057926327325241e-01 0.000000000000000000e+00
4.051458456263355434e-01 4.725013988609080839e-01 0.000000000000000000e+00
3.241467591897889133e-01 3.837509206591364630e-01 0.000000000000000000e+00
2.851772631970225791e-01 4.407738255755572765e-01 0.000000000000000000e+00
4.563301195217532302e-01 4.496145384591938576e-01 0.000000000000000000e+00
5.019884655400423945e-01 4.544418652954789750e-01 0.000000000000000000e+00
4.329607346040448834e-01 3.366957516214453827e-01 0.000000000000000000e+00
5.141134022702446016e-01 4.083283807151947276e-01 0.000000000000000000e+00
5.012195610455009165e-01 3.698525601800980445e-01 0.000000000000000000e+00
3.413072353546103277e-01 2.655448311256282112e-01 0.000000000000000000e+00
4.179401468522436214e-01 4.820585888420914622e-01 0.000000000000000000e+00
4.889903121820620702e-01 3.418084450568909527e-01 0.000000000000000000e+00
3.440304164469832338e-01 4.136893816745103036e-01 0.000000000000000000e+00
4.102966360459862627e-01 4.258426730976906938e-01 0.000000000000000000e+00
4.227779910937107255e-01 2.520740424187658535e-01 0.000000000000000000e+00
3.917737828620769247e-01 3.403796579421505264e-01 0.000000000000000000e+00
3.609464083846827265e-01 6.020207676784469220e-01 0.000000000000000000e+00
3.821250342573911385e-01 4.950467078011104860e-01 0.000000000000000000e+00
2.771470186319850426e-01 2.314453637546560194e-01 0.000000000000000000e+00
1.821293002531366167e-01 2.992703587334643034e-01 0.000000000000000000e+00
3.563958448736319062e-01 3.394235301269225014e-01 0.000000000000000000e+00
3.401228959549262854e-01 3.756419122615675676e-01 0.000000000000000000e+00
2.620243698053655312e-01 3.058497212128789555e-01 0.000000000000000000e+00
5.217572928509642827e-01 4.128726635282390922e-01 0.000000000000000000e+00
2.723313620101197596e-01 4.436763264229070525e-01 0.000000000000000000e+00
2.780598100961642616e-01 3.356661200435345771e-01 0.000000000000000000e+00
4.721498517993034660e-01 5.065696332855690320e-01 0.000000000000000000e+00
4.411482512353153140e-01 5.046150667022166747e-01 0.000000000000000000e+00
5.403745345725426974e-01 5.015127828499600371e-01 0.000000000000000000e+00
2.945196796996054078e-01 3.960550901637643340e-01 0.000000000000000000e+00
6.042415486074644848e-01 4.243210394685907327e-01 0.000000000000000000e+00
4.085004698444505422e-01 3.111544868182594681e-01 0.000000000000000000e+00
2.648657611553459357e-01 4.689685331351687303e-01 0.000000000000000000e+00
2.605843541711018729e-01 3.607245932286949341e-01 0.000000000000000000e+00
4.469691688543399044e-01 3.316643449318852355e-01 0.000000000000000000e+00
2.720599540620796120e-01 2.921051753542761031e-01 0.000000000000000000e+00
3.455108095337311447e-01 4.694578499962788198e-01 0.000000000000000000e+00
4.657480317281232907e-01 3.310484140005855447e-01 0.000000000000000000e+00
4.482495096209530572e-01 4.758630896016478595e-01 0.000000000000000000e+00
5.328884971841437723e-01 5.593530269850039982e-01 0.000000000000000000e+00
5.959234901440275678e-01 3.566830327806968515e-01 0.000000000000000000e+00
4.007122996926780201e-01 5.205070249977030716e-01 0.000000000000000000e+00
5.588148641672405770e-01 3.428713388082964553e-01 0.000000000000000000e+00
4.601991796726236372e-01 4.259897822967775305e-01 0.000000000000000000e+00
4.221999269129703136e-01 2.897061432289292915e-01 0.000000000000000000e+00
3.119095643451881283e-01 3.325699011466722310e-01 0.000000000000000000e+00
4.602638876564887904e-01 2.462790969187265144e-01 0.000000000000000000e+00
4.027015996650528118e-01 3.524747637551751134e-01 0.000000000000000000e+00
4.600076147311485397e-01 4.987512824444204629e-01 0.000000000000000000e+00
3.320897250156503167e-01 2.202707703371289683e-01 0.000000000000000000e+00
5.032765557911766940e-01 3.052148430168871718e-01 0.000000000000000000e+00
5.012853078683014996e-01 3.994392469329041129e-01 0.000000000000000000e+00
4.895716684733683599e-01 5.040608836937933157e-01 0.000000000000000000e+00
5.573932916225934342e-01 5.569193903441949089e-01 0.000000000000000000e+00
3.567267406947800534e-01 4.151936648830725218e-01 0.000000000000000000e+00
3.558387716009759338e-01 4.635265229438071954e-01 0.000000000000000000e+00
3.115241229731482986e-01 3.964613437732937284e-01 0.000000000000000000e+00
3.931705411669178529e-01 3.804347266291820961e-01 0.000000000000000000e+00
3.618102704049011575e-01 3.147481957994743285e-01 0.000000000000000000e+00
3.247537183613730116e-01 2.247433898301403887e-01 0.000000000000000000e+00
4.614502182940420916e-01 1.919609887552112537e-01 0.000000000000000000e+00
2.872508839250484391e-01 4.669118374328829479e-01 0.000000000000000000e+00
4.972979725389517491e-01 4.566706481933864858e-01 0.000000000000000000e+00
4.886702078294883345e-01 4.961632218637792024e-01 0.000000000000000000e+00
3.607240942457533572e-01 4.956000678098855805e-01 0.000000000000000000e+00
3.793758320119355321e-01 3.316560493503411533e-01 0.000000000000000000e+00
2.993504261618638029e-01 5.162507943900752627e-01 0.000000000000000000e+00
4.658623851925016712e-01 4.733231830060837253e-01 0.000000000000000000e+00
3.938475841159511659e-01 4.147955803634785221e-01 0.000000000000000000e+00
3.706552851414789407e-01 4.351814140421325638e-01 0.000000000000000000e+00
5.306082724022929131e-01 3.182812005794322108e-01 0.000000000000000000e+00
4.441600733688758074e-01 3.378493869284889262e-01 0.000000000000000000e+00
5.982313516574516710e-01 4.363584361179691506e-01 0.000000000000000000e+00
4.569339502766340821e-01 1.986335771760135149e-01 0.000000000000000000e+00
4.013436264885512084e-01 3.692210007042209252e-01 0.000000000000000000e+00
3.714494836375091813e-01 2.968760322930169560e-01 0.000000000000000000e+00
6.131809641854221171e-01 5.509065135737130081e-01 0.000000000000000000e+00
3.320324332667751732e-01 6.079909710934988665e-01 0.000000000000000000e+00
5.519973742616504087e-01 5.015800318552395831e-01 0.000000000000000000e+00
4.340804371310086340e-01 4.122773915006553436e-01 0.000000000000000000e+00
5.939539849220092371e-01 6.010971935023035062e-01 0.000000000000000000e+00
3.034689969131221798e-01 4.236788824289814404e-01 0.000000000000000000e+00
5.982309695980388975e-01 2.450992270799406680e-01 0.000000000000000000e+00
3.430171333439256953e-01 2.557399530939218901e-01 0.000000000000000000e+00
5.039689233001952706e-01 4.029109400226713600e-01 0.000000000000000000e+00
2.914408408791037686e-01 5.377764497534178734e-01 0.000000000000000000e+00
4.498715060657487719e-01 5.696679473030195062e-01 0.000000000000000000e+00
3.067168594831249373e-01 3.902091916091567914e-01 0.000000000000000000e+00
3.227580749272258576e-01 6.243288526790046200e-01 0.000000000000000000e+00
5.431877289711837253e-01 4.093971271515402521e-01 0.000000000000000000e+00
2.666310628585156772e-01 3.574959360073017844e-01 0.000000000000000000e+00
4.226642438355661668e-01 4.785759365349123717e-01 0.000000000000000000e+00
3.902914799556794212e-01 4.767501986552852289e-01 0.000000000000000000e+00
3.375525339174955675e-01 3.607350371245834908e-01 0.000000000000000000e+00
3.701611474871036589e-01 5.067428678052867674e-01 0.000000000000000000e+00
5.019908707647012802e-01 3.637165617394956807e-01 0.000000000000000000e+00
3.337707584742578004e-01 4.785655374422180808e-01 0.000000000000000000e+00
3.881513521986710291e-01 1.927145033575274891e-01 0.000000000000000000e+00
3.075401739992911221e-01 3.761749283911449693e-01 0.000000000000000000e+00
5.300194337255408339e-01 2.874945993282037038e-01 0.000000000000000000e+00
4.750374368082559418e-01 3.929491218427230148e-01 0.000000000000000000e+00
5.174925932681236906e-01 4.750869820984379710e-01 0.000000000000000000e+00
4.190361193391275996e-01 2.904687660150733763e-01 0.000000000000000000e+00
4.470908021064258220e-01 2.974529693679811015e-01 0.000000000000000000e+00
4.228666038444801045e-01 3.912945409009241926e-01 0.000000000000000000e+00
4.596134405266532053e-01 4.153533859546210683e-01 0.000000000000000000e+00
3.905593827598041745e-01 4.746161664154961435e-01 0.000000000000000000e+00
3.303617953186526179e-01 3.458208882097491554e-01 0.000000000000000000e+00
4.383304479819436494e-01 4.054195649444444216e-01 0.000000000000000000e+00
3.724783551118886482e-01 4.453115349614308327e-01 0.000000000000000000e+00
3.218287706812659743e-01 3.668941900613664764e-01 0.000000000000000000e+00
5.657685338073823456e-01 3.420255658866182547e-01 0.000000000000000000e+00
4.308134694914367846e-01 6.096113116941991317e-01 0.000000000000000000e+00
3.550583546254657552e-01 4.212779039950973470e-01 0.000000000000000000e+00
3.330754186325606270e-01 4.496016686660853079e-01 0.000000000000000000e+00
2.815794249505218505e-01 5.029554307715069505e-01 0.000000000000000000e+00
5.425227364021976140e-01 4.398815440422856882e-01 0.000000000000000000e+00
1.935981818969544632e-01 4.735197273907050808e-01 0.000000000000000000e+00
4.911788414770691946e-01 2.890472459163180297e-01 0.000000000000000000e+00
6.054291617443300355e-01 4.135054958188122409e-01 0.000000000000000000e+00
4.802718650590233063e-01 4.926537302033093257e-01 0.000000000000000000e+00
5.416195298899393329e-01 5.228836553003322063e-01 0.000000000000000000e+00
4.194077757491622704e-01 3.313076768595772936e-01 0.000000000000000000e+00
2.992423057293801536e-01 2.533779807518430904e-01 0.000000000000000000e+00
5.152395827331045508e-01 3.283713389753122325e-01 0.000000000000000000e+00
3.607325399489568762e-01 3.615282578833125537e-01 0.000000000000000000e+00
4.737504136748042494e-01 4.755479418819021364e-01 0.000000000000000000e+00
4.911519264636649007e-01 5.511252433916650206e-01 0.000000000000000000e+00
3.072090838655200939e-01 4.663440265781141902e-01 0.000000000000000000e+00
3.489045518104832988e-01 4.438518705131023756e-01 0.000000000000000000e+00
4.664454438304838635e-01 4.325385390372998295e-01 0.000000000000000000e+00
4.133359053799506855e-01 3.539603671760315762e-01 0.000000000000000000e+00
3.494282479696987909e-01 3.520751117941664510e-01 0.000000000000000000e+00
4.762112113547797287e-01 3.679279216236554517e-01 0.000000000000000000e+00
4.313404151704625100e-01 2.570284328322075540e-01 0.000000000000000000e+00
5.093134015745229837e-01 4.599447026374954839e-01 0.000000000000000000e+00
4.309888736944001986e-01 4.739829198758191975e-01 0.000000000000000000e+00
4.698816892593374317e-01 4.122897612655481714e-01 0.000000000000000000e+00
3.218956472711127503e-01 2.878263942866719494e-01 0.000000000000000000e+00
4.222348892043197854e-01 3.566975170816525376e-01 0.000000000000000000e+00
4.958487943952477051e-01 3.763059090711807775e-01 0.000000000000000000e+00
5.536060055124303325e-01 3.863370183558969551e-01 0.000000000000000000e+00
4.944868760564940513e-01 4.962682758475682743e-01 0.000000000000000000e+00
3.414724242239655649e-01 3.787607297692099917e-01 0.000000000000000000e+00
2.819789072474116476e-01 3.893500192905272606e-01 0.000000000000000000e+00
3.355626594837606280e-01 5.512179902749175797e-01 0.000000000000000000e+00
4.686477101902805087e-01 3.557210859116431978e-01 0.000000000000000000e+00
4.106271071357440738e-01 3.792062947752817825e-01 0.000000000000000000e+00
4.207173166346510618e-01 2.356592639559257352e-01 0.000000000000000000e+00
6.548877759913066532e-01 5.689793355776516792e-01 0.000000000000000000e+00
2.403692031355421921e-01 2.682353555444260129e-01 0.000000000000000000e+00
3.275506586895265415e-01 3.602284769778392182e-01 0.000000000000000000e+00
2.749501092071661157e-01 3.214415949318535359e-01 0.000000000000000000e+00
2.419168668082147811e-01 5.183292846324176750e-01 0.000000000000000000e+00
