7.327619179134212679e-01 9.310450680219636288e-01 2.000000000000000000e+00
5.798182534846486602e-01 5.767759632118811819e-01 2.000000000000000000e+00
5.121416468962279867e-01 7.462233341366802941e-01 2.000000000000000000e+00
4.886480519974966685e-01 8.397362614657600810e-01 2.000000000000000000e+00
4.134629686699026196e-01 8.038899118929615506e-01 2.000000000000000000e+00
4.689484986105018072e-01 8.824126429609535638e-01 2.000000000000000000e+00
4.343238349788394737e-01 5.209519856863180642e-01 2.000000000000000000e+00
5.061909126723497243e-01 6.317727502622474400e-01 2.000000000000000000e+00
6.786003001551221825e-01 7.355419117657255867e-01 2.000000000000000000e+00
5.175190753793520448e-01 7.199009732104036940e-01 2.000000000000000000e+00
4.369766057868347264e-01 8.425671956313948163e-01 2.000000000000000000e+00
6.696312766731620236e-01 8.404990387004851460e-01 2.000000000000000000e+00
5.756175112252974735e-01 7.980767144266016633e-01 2.000000000000000000e+00
6.291228016647265608e-01 8.020783814528096300e-01 2.000000000000000000e+00
5.042397672640923645e-01 8.420588486093700809e-01 2.000000000000000000e+00
6.600097951581683775e-01 7.173211117508218049e-01 2.000000000000000000e+00
4.194416567827009557e-01 7.753343072817158177e-01 2.000000000000000000e+00
4.579166339182731416e-01 6.632889237252642678e-01 2.000000000000000000e+00
4.522771532693752872e-01 7.595288456517921283e-01 2.000000000000000000e+00
5.309777428257900223e-01 5.887710987913612470e-01 2.000000000000000000e+00
5.325922212876196271e-01 8.082661802529781392e-01 2.000000000000000000e+00
3.979988187270865896e-01 6.638394070363298205e-01 2.000000000000000000e+00
7.509364113298129251e-01 7.045341040148985767e-01 2.000000000000000000e+00
6.011460544294827679e-01 6.876101795826815577e-01 2.000000000000000000e+00
5.762670496602814163e-01 8.184858517421861324e-01 2.000000000000000000e+00
5.039767957657735886e-01 8.434593607519719205e-01 2.000000000000000000e+00
5.134128190941003034e-01 7.044330760615897802e-01 2.000000000000000000e+00
5.253884468713843070e-01 7.050875406230157072e-01 2.000000000000000000e+00
4.173010113645315156e-01 7.391330016487392962e-01 2.000000000000000000e+00
5.577483876549731434e-01 7.458064364836172189e-01 2.000000000000000000e+00
4.257448801367793023e-01 6.095956920674326929e-01 2.000000000000000000e+00
6.640154518223947422e-01 6.146577789991467533e-01 2.000000000000000000e+00
7.806698748723230885e-01 7.284740907183506753e-01 2.000000000000000000e+00
4.458001138517299067e-01 9.015455523351161293e-01 2.000000000000000000e+00
5.379678602104328577e-01 8.983227940453892835e-01 2.000000000000000000e+00
6.543746577848105206e-01 7.812760899775876844e-01 2.000000000000000000e+00
6.953415301243514035e-01 9.200551715802464114e-01 2.000000000000000000e+00
5.086016829223130031e-01 6.680658132252335069e-01 2.000000000000000000e+00
4.419427377379320787e-01 7.149466955222800735e-01 2.000000000000000000e+00
6.145724923462796419e-01 6.406731672085587137e-01 2.000000000000000000e+00
5.586416816572770117e-01 6.587198193380070510e-01 2.000000000000000000e+00
5.323645697543502031e-01 7.155300687335004461e-01 2.000000000000000000e+00
6.331090234307129583e-01 6.233713293929646904e-01 2.000000000000000000e+00
6.498431233596999590e-01 9.362164028636046353e-01 2.000000000000000000e+00
6.384774507911007424e-01 7.339541788560355329e-01 2.000000000000000000e+00
7.603305355509921704e-01 7.759523828979112414e-01 2.000000000000000000e+00
3.969896963354628827e-01 6.021209485260964334e-01 2.000000000000000000e+00
5.091305424979838401e-01 7.419327391856532783e-01 2.000000000000000000e+00
4.984863396032351290e-01 6.396136317442380204e-01 2.000000000000000000e+00
4.830293665069692044e-01 5.587514655470130487e-01 2.000000000000000000e+00
6.921843716772543287e-01 8.375537382304855116e-01 2.000000000000000000e+00
3.800138609218445818e-01 7.797083561298263632e-01 2.000000000000000000e+00
5.062873630780524437e-01 7.476741684647899566e-01 2.000000000000000000e+00
4.620099136240872206e-01 6.579734478407284204e-01 2.000000000000000000e+00
5.121908974818784044e-01 7.883532695455870432e-01 2.000000000000000000e+00
4.176353988411072304e-01 8.295091010848257840e-01 2.000000000000000000e+00
5.001722828110384267e-01 6.261160714809878014e-01 2.000000000000000000e+00
3.544593778218908531e-01 6.757505503194292107e-01 2.000000000000000000e+00
5.915359821254123629e-01 7.991463607758847454e-01 2.000000000000000000e+00
4.756905937840158471e-01 4.705904136245970260e-01 2.000000000000000000e+00
6.786071112431647512e-01 8.217143221933868036e-01 2.000000000000000000e+00
4.305666230927600036e-01 7.964677540354527796e-01 2.000000000000000000e+00
5.662680439068947802e-01 7.604190204016867405e-01 2.000000000000000000e+00
6.372143169772520599e-01 6.838033749849624643e-01 2.000000000000000000e+00
6.396595342864535017e-01 6.279154168077047959e-01 2.000000000000000000e+00
5.626168591956191012e-01 7.720421741124401382e-01 2.000000000000000000e+00
4.079734250227666226e-01 8.633892685237333220e-01 2.000000000000000000e+00
6.020891831166323982e-01 8.137353664881662452e-01 2.000000000000000000e+00
4.645942765638930161e-01 8.381974930129537649e-01 2.000000000000000000e+00
6.872801199886823253e-01 6.713219018969462937e-01 2.000000000000000000e+00
6.076476571101474544e-01 6.480389845205483113e-01 2.000000000000000000e+00
4.865098977122110369e-01 7.335761659764445941e-01 2.000000000000000000e+00
6.120985658469632051e-01 7.742649548193343279e-01 2.000000000000000000e+00
4.577606050030650908e-01 8.620725458366795824e-01 2.000000000000000000e+00
6.273374961717282927e-01 7.811985303959915194e-01 2.000000000000000000e+00
5.667489887438046381e-01 6.629331540289052915e-01 2.000000000000000000e+00
3.974545587592389073e-01 6.937178323039641104e-01 2.000000000000000000e+00
6.309940811510459380e-01 7.754975152042656861e-01 2.000000000000000000e+00
5.613016966081814108e-01 6.573980835764412500e-01 2.000000000000000000e+00
5.150067490273164683e-01 5.905433656448586532e-01 2.000000000000000000e+00
6.052406846231030979e-01 8.610919396199235853e-01 2.000000000000000000e+00
7.446017555824829826e-01 7.611415339686959936e-01 2.000000000000000000e+00
4.978269970520534105e-01 9.562601214221422286e-01 2.000000000000000000e+00
5.275983603259770671e-01 6.317920899147466685e-01 2.000000000000000000e+00
4.703144040311599272e-01 7.228405141679605794e-01 2.000000000000000000e+00
5.447247633434908476e-01 3.897109712525850256e-01 2.000000000000000000e+00
7.293336482526850961e-01 7.276361657078900258e-01 2.000000000000000000e+00
5.236489826185725116e-01 7.674709409282509665e-01 2.000000000000000000e+00
7.059616642577962731e-01 7.375544037357949501e-01 2.000000000000000000e+00
5.246196588122636895e-01 7.750716761212028683e-01 2.000000000000000000e+00
6.072404339620329772e-01 6.868715972528489644e-01 2.000000000000000000e+00
6.602538584024856272e-01 7.872332814319793481e-01 2.000000000000000000e+00
4.760894717255713116e-01 6.751849800595003392e-01 2.000000000000000000e+00
4.915966443181863377e-01 7.323192465872052637e-01 2.000000000000000000e+00
4.888047970557216626e-01 7.195786917758019152e-01 2.000000000000000000e+00
4.648975215640473446e-01 6.089206061864573805e-01 2.000000000000000000e+00
5.483049110894946399e-01 7.666712961238453250e-01 2.000000000000000000e+00
4.964527802504872800e-01 7.831500716801755857e-01 2.000000000000000000e+00
4.952661499259835565e-01 6.840898512305078061e-01 2.000000000000000000e+00
7.834684745205271472e-01 5.970684171297907517e-01 2.000000000000000000e+00
5.736710752422646831e-01 5.427536586221575199e-01 2.000000000000000000e+00
5.743588563876266262e-01 6.681513939026403337e-01 2.000000000000000000e+00
5.435689486488499700e-01 6.877381994623830153e-01 2.000000000000000000e+00
3.221354157490881609e-01 5.983944521483325341e-01 2.000000000000000000e+00
6.260438953710822929e-01 7.383764038337319313e-01 2.000000000000000000e+00
6.362743338172047736e-01 7.228434216043968519e-01 2.000000000000000000e+00
8.080389785865074170e-01 6.438603285940573961e-01 2.000000000000000000e+00
6.201488268379082847e-01 8.305643255992101182e-01 2.000000000000000000e+00
7.045834441948619631e-01 6.011228981211080846e-01 2.000000000000000000e+00
4.515303641312080063e-01 6.904138027860989846e-01 2.000000000000000000e+00
5.703339700930357692e-01 5.836491912805029658e-01 2.000000000000000000e+00
5.345193627796576141e-01 6.986514678552901980e-01 2.000000000000000000e+00
5.920490155491977546e-01 5.764852821825426910e-01 2.000000000000000000e+00
3.591835821858201383e-01 8.131769979033499629e-01 2.000000000000000000e+00
6.246994135730483677e-01 5.686718391629649316e-01 2.000000000000000000e+00
5.943732673144057621e-01 7.395860824401669920e-01 2.000000000000000000e+00
4.929173604617763105e-01 6.343681598998959226e-01 2.000000000000000000e+00
5.515737922471164456e-01 7.070167265504520016e-01 2.000000000000000000e+00
5.599045456299928114e-01 6.867200786488596442e-01 2.000000000000000000e+00
4.022277508414282554e-01 7.290915821023435939e-01 2.000000000000000000e+00
4.990414739298086877e-01 7.871376355270455205e-01 2.000000000000000000e+00
6.475653302800369326e-01 7.576596056464653950e-01 2.000000000000000000e+00
5.302141803031752421e-01 8.579343476244278843e-01 2.000000000000000000e+00
5.193162439980325562e-01 6.532063982548153014e-01 2.000000000000000000e+00
4.263018081896268185e-01 6.283998066655673842e-01 2.000000000000000000e+00
7.589532231612616808e-01 7.375210963007323706e-01 2.000000000000000000e+00
4.171868049524166122e-01 6.795271867002350419e-01 2.000000000000000000e+00
4.444033258159701960e-01 7.905119196052045050e-01 2.000000000000000000e+00
7.793990778166406397e-01 8.310909475606025332e-01 2.000000000000000000e+00
6.442155061034345875e-01 7.689314741937236519e-01 2.000000000000000000e+00
5.101417090343234317e-01 6.771823773561231885e-01 2.000000000000000000e+00
5.129654427613467016e-01 5.363188277018365868e-01 2.000000000000000000e+00
3.907133993430516039e-01 8.524611090591538431e-01 2.000000000000000000e+00
2.256198824438191142e-01 6.247476154829456618e-01 2.000000000000000000e+00
6.246125823356594164e-01 7.468805641564326692e-01 2.000000000000000000e+00
5.336404019994328563e-01 6.935168611413535800e-01 2.000000000000000000e+00
5.922027888363617931e-01 7.026960942624298490e-01 2.000000000000000000e+00
4.637422966350757125e-01 6.436521015736250684e-01 2.000000000000000000e+00
6.593521517519554953e-01 6.582828242837068800e-01 2.000000000000000000e+00
4.009244009217391436e-01 7.610976914499979484e-01 2.000000000000000000e+00
5.769840932847999371e-01 5.468883391778065484e-01 2.000000000000000000e+00
7.646330253670486909e-01 7.966553003682117495e-01 2.000000000000000000e+00
6.069915782229342582e-01 5.899552285863042256e-01 2.000000000000000000e+00
5.592372234657582153e-01 7.228254610640114652e-01 2.000000000000000000e+00
6.020336475564540546e-01 7.124940653369187249e-01 2.000000000000000000e+00
4.475858560006622522e-01 6.934544102077082606e-01 2.000000000000000000e+00
7.501593367709932236e-01 7.055759713569391689e-01 2.000000000000000000e+00
5.690874474797410487e-01 5.896079683473843813e-01 2.000000000000000000e+00
4.878117269263619882e-01 7.382370380403663335e-01 2.000000000000000000e+00
5.211794761022751077e-01 7.892323043760287593e-01 2.000000000000000000e+00
4.964404912298236439e-01 8.699975637417790564e-01 2.000000000000000000e+00
5.104913579060686990e-01 8.580823663330818807e-01 2.000000000000000000e+00
8.011271671892086221e-01 7.815768775020632830e-01 2.000000000000000000e+00
4.837067670880296211e-01 5.603396091185081085e-01 2.000000000000000000e+00
5.074370704883772731e-01 6.550828397951685700e-01 2.000000000000000000e+00
4.710311658797722290e-01 7.734731745970393479e-01 2.000000000000000000e+00
4.717357424214037587e-01 6.943198468550410007e-01 2.000000000000000000e+00
5.000472895930406780e-01 6.926870245412879434e-01 2.000000000000000000e+00
3.951311570518837857e-01 7.204560626984851668e-01 2.000000000000000000e+00
5.905373705360121850e-01 7.527296268364401799e-01 2.000000000000000000e+00
5.330592321699794134e-01 9.985844781486158395e-01 2.000000000000000000e+00
6.566683962523798268e-01 7.557687124391865297e-01 2.000000000000000000e+00
5.607426316857064830e-01 7.532795164467807059e-01 2.000000000000000000e+00
4.762894549157382085e-01 6.747279818813094465e-01 2.000000000000000000e+00
3.799875060297678298e-01 7.412458506453388773e-01 2.000000000000000000e+00
7.538442824717296320e-01 7.791501202316298835e-01 2.000000000000000000e+00
6.271634159933199282e-01 6.369374489982889687e-01 2.000000000000000000e+00
5.113416716123848627e-01 5.335227301509937181e-01 2.000000000000000000e+00
5.072400657329777518e-01 6.134120334170767297e-01 2.000000000000000000e+00
7.589496074657402502e-01 9.585023187875313377e-01 2.000000000000000000e+00
6.926533323512392704e-01 5.859547399656497291e-01 2.000000000000000000e+00
6.404611693017364660e-01 8.921084482225427603e-01 2.000000000000000000e+00
6.858581467305296941e-01 6.968906821592433243e-01 2.000000000000000000e+00
5.970101865307437805e-01 7.574268143436037048e-01 2.000000000000000000e+00
5.073982533691109298e-01 8.405996820858802066e-01 2.000000000000000000e+00
5.606819229214562439e-01 9.548119396822414284e-01 2.000000000000000000e+00
6.678344312033993591e-01 7.100447637845025417e-01 2.000000000000000000e+00
6.947260334530311887e-01 7.168208311333288396e-01 2.000000000000000000e+00
6.846962319158711452e-01 6.898599507848816037e-01 2.000000000000000000e+00
5.280669485804845298e-01 8.871067540660996231e-01 2.000000000000000000e+00
5.537976611389520132e-01 4.330189165463780299e-01 2.000000000000000000e+00
4.200664773262167695e-01 8.640239720476097229e-01 2.000000000000000000e+00
3.030750486831607082e-01 5.500755133263536267e-01 2.000000000000000000e+00
6.148358447055592979e-01 6.184674862790826566e-01 2.000000000000000000e+00
5.332888779559610271e-01 6.098691120531112286e-01 2.000000000000000000e+00
6.152051966796185933e-01 7.969987394821655968e-01 2.000000000000000000e+00
5.412017294423167035e-01 9.141785426377645463e-01 2.000000000000000000e+00
5.410812273754397328e-01 8.942952896840751231e-01 2.000000000000000000e+00
6.368188966622990721e-01 7.732666296308301490e-01 2.000000000000000000e+00
5.427080865837724533e-01 8.863144868414909450e-01 2.000000000000000000e+00
6.966943799498962475e-01 5.859822706889205035e-01 2.000000000000000000e+00
4.044477665985944936e-01 8.796225593983506563e-01 2.000000000000000000e+00
7.619181381272355225e-01 8.235333453966433570e-01 2.000000000000000000e+00
3.261697729492185061e-01 9.047112235414019876e-01 2.000000000000000000e+00
5.134184852143265365e-01 5.777860691231890833e-01 2.000000000000000000e+00
4.048259425820339708e-01 5.281903127994156399e-01 2.000000000000000000e+00
5.425702205089365515e-01 7.023149739161523852e-01 2.000000000000000000e+00
4.955435671202289560e-01 7.377472964951197199e-01 2.000000000000000000e+00
6.520917205775589309e-01 4.868615807400846762e-01 2.000000000000000000e+00
7.145753912806919184e-01 8.420824590232339757e-01 2.000000000000000000e+00
4.461608662280711068e-01 6.577772711069505007e-01 2.000000000000000000e+00
5.014452146025911716e-01 7.809347805634831996e-01 2.000000000000000000e+00
6.333813160524603969e-01 8.154969893551125004e-01 2.000000000000000000e+00
3.433196660556789848e-01 6.572407448527525231e-01 2.000000000000000000e+00
4.625581418169397718e-01 8.322262798226532921e-01 2.000000000000000000e+00
7.652835944324880568e-01 8.313972905795491419e-01 2.000000000000000000e+00
5.807365762104131912e-01 7.112361656465721049e-01 2.000000000000000000e+00
5.593999634875914673e-01 6.481601432840010668e-01 2.000000000000000000e+00
4.335078290267765921e-01 9.817214380607519608e-01 2.000000000000000000e+00
6.251342573799391067e-01 8.950466013051219250e-01 2.000000000000000000e+00
4.212145654448545828e-01 7.246588324800942171e-01 2.000000000000000000e+00
6.174497621676714454e-01 8.165613170772464402e-01 2.000000000000000000e+00
6.178288771765582110e-01 9.326602179272522886e-01 2.000000000000000000e+00
5.820638145871426250e-01 6.278000433002653979e-01 2.000000000000000000e+00
4.325324914964454037e-01 7.426526216185661555e-01 2.000000000000000000e+00
6.730337188406817495e-01 8.053935229437505505e-01 2.000000000000000000e+00
5.493578151393854192e-01 4.474873371161885993e-01 2.000000000000000000e+00
6.530501047462931030e-01 4.882102859834248076e-01 2.000000000000000000e+00
5.444408299287653019e-01 5.993555966524961587e-01 2.000000000000000000e+00
5.451601500899740937e-01 5.390851636922325829e-01 2.000000000000000000e+00
5.225387168513001557e-01 8.155556207600855867e-01 2.000000000000000000e+00
7.478268107057733927e-01 1.000000000000000000e+00 2.000000000000000000e+00
4.686756878829769768e-01 6.423320985419462836e-01 2.000000000000000000e+00
6.300137491330313200e-01 6.848517116787729009e-01 2.000000000000000000e+00
5.922109173597116527e-01 7.409159709766748314e-01 2.000000000000000000e+00
5.951819768849284653e-01 8.407607124152169931e-01 2.000000000000000000e+00
5.671811017793817467e-01 7.569047136635457251e-01 2.000000000000000000e+00
4.838525108553181076e-01 9.030985866887560887e-01 2.000000000000000000e+00
4.864912646832119103e-01 4.687722864599705441e-01 2.000000000000000000e+00
3.900125974988395972e-01 5.635924996811333409e-01 2.000000000000000000e+00
3.312210205156321807e-01 7.045791965301638760e-01 2.000000000000000000e+00
5.062117535095594922e-01 6.939892170008001848e-01 2.000000000000000000e+00
3.329150025635266852e-01 6.834126592655185295e-01 2.000000000000000000e+00
4.826940347375686668e-01 6.829331134093142852e-01 2.000000000000000000e+00
4.522121603588630245e-01 7.057426476176483776e-01 2.000000000000000000e+00
3.666346785924888274e-01 6.460558398979522332e-01 2.000000000000000000e+00
4.769846863445468266e-01 7.641750621425179579e-01 2.000000000000000000e+00
6.012964522881594220e-01 7.555142324580431668e-01 2.000000000000000000e+00
5.953686707282956903e-01 9.448655003439809796e-01 2.000000000000000000e+00
3.191815896334711522e-01 4.831472661881859310e-01 2.000000000000000000e+00
5.279460869375991461e-01 7.809787360946700563e-01 2.000000000000000000e+00
4.670777109710808617e-01 7.667910763614085301e-01 2.000000000000000000e+00
5.086305134259869742e-01 7.906808222992355306e-01 2.000000000000000000e+00
6.307267060079625454e-01 8.998237753682800655e-01 2.000000000000000000e+00
5.134379433306370810e-01 9.211598603027802978e-01 2.000000000000000000e+00
5.720585630091040708e-01 7.337627574327327817e-01 2.000000000000000000e+00
3.452529997366588499e-01 7.584732735733248354e-01 2.000000000000000000e+00
4.678421119161487729e-01 6.863338199145269103e-01 2.000000000000000000e+00
6.651982241308808108e-01 7.931776917405164440e-01 2.000000000000000000e+00
5.963333774322169267e-01 8.457604864828431879e-01 2.000000000000000000e+00
2.904829695384693045e-01 5.494916028793850327e-01 2.000000000000000000e+00
5.336512139488966966e-01 6.556744320397185355e-01 2.000000000000000000e+00
4.136235271934711188e-01 7.759286265029661234e-01 2.000000000000000000e+00
5.716747004319929770e-01 6.072438816145161455e-01 2.000000000000000000e+00
5.966160157807889330e-01 8.157122884869786317e-01 2.000000000000000000e+00
6.784394976569807501e-01 8.555598969736256665e-01 2.000000000000000000e+00
5.270986419627791131e-01 7.907489044301129200e-01 2.000000000000000000e+00
5.375998089581801587e-01 8.239815868565686374e-01 2.000000000000000000e+00
5.647049025605753725e-01 6.748142645117434224e-01 2.000000000000000000e+00
6.158097334182098814e-01 7.289763354702749609e-01 2.000000000000000000e+00
4.923672840433689357e-01 5.765520566001505198e-01 2.000000000000000000e+00
4.836165660073901140e-01 7.981091636380331922e-01 2.000000000000000000e+00
5.500354843704033936e-01 7.042522857409625470e-01 2.000000000000000000e+00
5.094826672447582139e-01 6.707450416527593884e-01 2.000000000000000000e+00
5.557357078570395181e-01 7.491125104235804022e-01 2.000000000000000000e+00
5.656733942144183125e-01 8.176695484099393285e-01 2.000000000000000000e+00
7.717414810814233750e-01 9.853093778653362333e-01 2.000000000000000000e+00
6.943157616820304634e-01 8.029819170283498675e-01 2.000000000000000000e+00
5.946220018075361047e-01 7.883854320250109904e-01 2.000000000000000000e+00
4.928446290457798029e-01 8.149792735833699675e-01 2.000000000000000000e+00
5.601071609417739294e-01 7.656946181827299913e-01 2.000000000000000000e+00
7.126549139085167628e-01 8.499085862410210579e-01 2.000000000000000000e+00
5.399729665042140025e-01 6.721369103689812663e-01 2.000000000000000000e+00
6.051145683376661921e-01 8.130478313245472766e-01 2.000000000000000000e+00
6.596806308785776451e-01 7.614231294050112231e-01 2.000000000000000000e+00
6.561737347403124865e-01 7.854321603260931983e-01 2.000000000000000000e+00
5.793289888302195489e-01 7.810171516401465119e-01 2.000000000000000000e+00
6.444935640873321603e-01 8.031430165986271907e-01 2.000000000000000000e+00
7.138830261925221965e-01 8.094814033202895054e-01 2.000000000000000000e+00
4.546741825594824427e-01 7.475203946090011042e-01 2.000000000000000000e+00
4.896008335930963629e-01 6.311873346288614517e-01 2.000000000000000000e+00
5.638219261022345830e-01 7.659386094521219990e-01 2.000000000000000000e+00
5.946262700232626264e-01 7.884096121217166742e-01 2.000000000000000000e+00
8.134899109929388805e-01 7.439955400159942167e-01 2.000000000000000000e+00
5.420821007148380888e-01 5.515229837408071045e-01 2.000000000000000000e+00
6.083070285524806442e-01 8.100982238637869370e-01 2.000000000000000000e+00
3.976188864841518900e-01 7.030743847823774928e-01 2.000000000000000000e+00
3.477503381675904892e-01 7.324135177734056867e-01 2.000000000000000000e+00
5.193668490559538720e-01 9.487357825931220789e-01 2.000000000000000000e+00
2.363740116082343745e-01 6.014468039658438236e-01 2.000000000000000000e+00
6.272770169248286232e-01 6.691030579399374068e-01 2.000000000000000000e+00
5.353179291382762495e-01 8.392409767743224114e-01 2.000000000000000000e+00
3.690795108194200314e-01 6.488255775170842510e-01 2.000000000000000000e+00
6.661422429058160288e-01 7.739405799604945901e-01 2.000000000000000000e+00
4.187349935520778277e-01 8.831303317604096703e-01 2.000000000000000000e+00
5.720112467020991298e-01 5.949953427399429229e-01 2.000000000000000000e+00
2.950102740132560242e-01 6.283282807492706068e-01 2.000000000000000000e+00
5.919386671606057249e-01 6.134652301137933916e-01 2.000000000000000000e+00
4.784075990030712822e-01 7.039183083777672545e-01 2.000000000000000000e+00
5.174353632612752607e-01 6.247544961823325860e-01 2.000000000000000000e+00
8.295867035309494320e-01 8.548024571462518040e-01 2.000000000000000000e+00
5.730295995927213726e-01 5.514711430660265146e-01 2.000000000000000000e+00
5.748252726469007534e-01 6.878727459217393037e-01 2.000000000000000000e+00
6.082418395827906554e-01 6.595635611972044954e-01 2.000000000000000000e+00
4.862295541922164177e-01 7.104518652085086705e-01 2.000000000000000000e+00
4.755305040995257415e-01 6.796956504507046803e-01 2.000000000000000000e+00
3.006059979991828057e-01 5.485812546578878734e-01 2.000000000000000000e+00
6.583740716094841350e-01 6.757777071038922889e-01 2.000000000000000000e+00
6.184444480218616036e-01 6.901763762917261236e-01 2.000000000000000000e+00
8.350116884069936907e-01 8.405549329946799819e-01 2.000000000000000000e+00
4.513891990903782236e-01 8.329954468701128434e-01 2.000000000000000000e+00
5.433322368664509350e-01 6.682358601954974109e-01 2.000000000000000000e+00
3.617814009273928044e-01 8.003636728337563122e-01 2.000000000000000000e+00
6.495826618033093691e-01 8.339923264760901178e-01 2.000000000000000000e+00
4.266441704519244871e-01 7.338826718160107454e-01 2.000000000000000000e+00
6.896265544122981428e-01 7.942477333025234065e-01 2.000000000000000000e+00
6.564937308013500949e-01 6.130761862447919874e-01 2.000000000000000000e+00
3.563757546800122022e-01 7.840197142421241328e-01 2.000000000000000000e+00
8.321816377928470398e-01 6.424623416025663225e-01 2.000000000000000000e+00
3.831544597492337889e-01 6.216168926065221978e-01 2.000000000000000000e+00
5.534572408374252017e-01 9.470466562398177635e-01 2.000000000000000000e+00
3.864801181170459121e-01 6.663053197008227402e-01 2.000000000000000000e+00
7.158096942182120559e-01 9.139192303102807724e-01 2.000000000000000000e+00
5.272549236838699471e-01 7.403799609477653698e-01 2.000000000000000000e+00
4.536063089863706654e-01 6.896892174164226397e-01 2.000000000000000000e+00
6.536173672941072432e-01 7.067373128248063407e-01 2.000000000000000000e+00
5.660634897359414497e-01 8.362339548815036494e-01 2.000000000000000000e+00
4.577536159288221329e-01 6.892702574937294990e-01 2.000000000000000000e+00
6.473363900442472563e-01 6.763193583028881406e-01 2.000000000000000000e+00
4.951329458454468146e-01 7.440485055883849785e-01 2.000000000000000000e+00
6.779538262565197870e-01 7.778894578767497903e-01 2.000000000000000000e+00
6.396655492631035944e-01 5.785494014960729237e-01 2.000000000000000000e+00
6.797077946238764268e-01 6.353507542758712878e-01 2.000000000000000000e+00
6.442171653914446905e-01 6.486767408441650451e-01 2.000000000000000000e+00
3.627481694317012950e-01 5.609736663779011367e-01 2.000000000000000000e+00
7.270547041634317642e-01 7.401568074576770906e-01 2.000000000000000000e+00
6.251008292869582039e-01 7.250746467807321904e-01 2.000000000000000000e+00
6.856222058056505864e-01 6.979105565228416186e-01 2.000000000000000000e+00
6.727700794714729371e-01 6.674975154418446577e-01 2.000000000000000000e+00
5.604086229070557312e-01 7.864259591787969850e-01 2.000000000000000000e+00
4.757728118372510084e-01 7.492315076427018550e-01 2.000000000000000000e+00
7.534221580114978112e-01 9.133697005603425012e-01 2.000000000000000000e+00
6.471636212551153955e-01 7.364115510595603542e-01 2.000000000000000000e+00
4.199745904570553190e-01 6.347395284019644590e-01 2.000000000000000000e+00
4.839497226785183792e-01 6.297641591382096005e-01 2.000000000000000000e+00
6.061032539727935209e-01 5.974369305368802952e-01 2.000000000000000000e+00
4.596632304745494335e-01 6.940582708733203932e-01 2.000000000000000000e+00
5.320255686005791462e-01 6.757892571181054464e-01 2.000000000000000000e+00
4.650500550142223632e-01 6.694909996875716418e-01 2.000000000000000000e+00
5.996529236661183315e-01 5.212926976759114650e-01 2.000000000000000000e+00
6.794277382125761822e-01 8.157514688849089035e-01 2.000000000000000000e+00
5.887582681185612454e-01 7.019138706840243325e-01 2.000000000000000000e+00
4.434181642668616474e-01 6.366606615261215518e-01 2.000000000000000000e+00
4.355823683563780357e-01 5.787628009553764663e-01 2.000000000000000000e+00
4.230359318875985819e-01 6.964236765317068922e-01 2.000000000000000000e+00
6.389267752690774849e-01 8.650751989039325851e-01 2.000000000000000000e+00
6.841945575558056047e-01 7.290376049560530758e-01 2.000000000000000000e+00
5.459363358642035369e-01 7.217691672088382138e-01 2.000000000000000000e+00
6.320240067552810315e-01 9.108537359039328152e-01 2.000000000000000000e+00
6.840271073284670544e-01 9.144407648615437978e-01 2.000000000000000000e+00
5.237879980063012697e-01 7.355008932760458418e-01 2.000000000000000000e+00
5.129146412598007965e-01 6.100291050185099317e-01 2.000000000000000000e+00
4.129697264458687678e-01 8.423654238821502993e-01 2.000000000000000000e+00
4.089629580067355441e-01 6.925916659278011922e-01 2.000000000000000000e+00
5.931237000644489221e-01 6.144519563013280949e-01 2.000000000000000000e+00
4.225007008465573866e-01 5.851791970896044193e-01 2.000000000000000000e+00
5.678873475714870667e-01 6.195314017852266986e-01 2.000000000000000000e+00
3.576299789126290984e-01 6.214364556778185777e-01 2.000000000000000000e+00
5.172916416056094757e-01 8.007781845127163178e-01 2.000000000000000000e+00
4.326824824403278091e-01 5.949409144171778907e-01 2.000000000000000000e+00
4.495236894643449554e-01 5.475225958238960633e-01 2.000000000000000000e+00
6.247946169218339119e-01 6.515703534624817106e-01 2.000000000000000000e+00
6.791407771480609812e-01 7.288122572011772604e-01 2.000000000000000000e+00
4.177570206984806966e-01 5.042882842120793851e-01 2.000000000000000000e+00
6.917754049801684291e-01 7.652921557434426703e-01 2.000000000000000000e+00
5.126917919762630227e-01 7.046972252925388647e-01 2.000000000000000000e+00
3.771462815098133858e-01 6.516055649010242812e-01 2.000000000000000000e+00
3.567692967698041229e-01 5.476810858290704909e-01 2.000000000000000000e+00
6.177282938777874932e-01 5.811465831040070196e-01 2.000000000000000000e+00
6.149155359481089933e-01 7.924353665795939028e-01 2.000000000000000000e+00
5.023790617242193113e-01 6.841159386167062761e-01 2.000000000000000000e+00
4.557871385005707321e-01 4.497220384005074512e-01 1.000000000000000000e+00
4.830089727561492352e-01 4.217109136665020408e-01 1.000000000000000000e+00
4.383779219431996887e-01 4.133976737125799050e-01 1.000000000000000000e+00
4.419040247590189652e-01 3.327352760191584213e-01 1.000000000000000000e+00
5.643130195610466249e-01 4.874563021555239350e-01 1.000000000000000000e+00
3.258793930284006324e-01 3.433630680018762704e-01 1.000000000000000000e+00
5.752452142833900384e-01 4.225383846841632707e-01 1.000000000000000000e+00
2.810312576326689515e-01 3.368433706370048131e-01 1.000000000000000000e+00
6.140128138008419389e-01 5.248666713304560583e-01 1.000000000000000000e+00
5.742335012408302797e-01 5.164572726226699384e-01 1.000000000000000000e+00
7.032429745008839106e-01 4.359636534317405943e-01 1.000000000000000000e+00
5.431292206674417367e-01 4.663576615865714925e-01 1.000000000000000000e+00
3.622067786773850440e-01 2.675550511461459724e-01 1.000000000000000000e+00
4.534072084531172719e-01 5.114997584849586554e-01 1.000000000000000000e+00
5.810933363821146891e-01 3.782633019607411495e-01 1.000000000000000000e+00
5.340093134222013704e-01 4.506936344050381793e-01 1.000000000000000000e+00
5.714052061544324657e-01 6.463344414261035231e-01 1.000000000000000000e+00
4.595272634862781480e-01 3.790417359568866162e-01 1.000000000000000000e+00
4.021669514463925843e-01 4.667134610642185710e-01 1.000000000000000000e+00
3.513776108540768162e-01 2.461232833721398450e-01 1.000000000000000000e+00
5.025602341334174383e-01 5.751363487086179616e-01 1.000000000000000000e+00
4.619746076428356552e-01 3.948641288917938419e-01 1.000000000000000000e+00
2.296679917220114664e-01 4.726098926544064494e-01 1.000000000000000000e+00
4.809424297232100520e-01 6.276651766099361485e-01 1.000000000000000000e+00
5.565128101674697847e-01 4.039664081740833024e-01 1.000000000000000000e+00
4.088340885645216360e-01 4.899747271358707579e-01 1.000000000000000000e+00
5.329345462701982061e-01 4.444838521715381852e-01 1.000000000000000000e+00
5.617120541990262561e-01 6.417573029622144487e-01 1.000000000000000000e+00
6.190277101374155322e-01 4.541252869303362139e-01 1.000000000000000000e+00
8.097190352914760414e-01 5.313844580340593149e-01 1.000000000000000000e+00
2.306634257474174943e-01 3.080075565120184988e-01 1.000000000000000000e+00
3.337446715338974745e-01 5.068601380207351514e-01 1.000000000000000000e+00
5.124545558038759996e-01 4.487931310450892775e-01 1.000000000000000000e+00
3.596619009978006543e-01 6.057446926588366809e-01 1.000000000000000000e+00
5.097054425935352295e-01 4.155630317857809675e-01 1.000000000000000000e+00
5.467127493310895980e-01 4.895356028651993707e-01 1.000000000000000000e+00
6.895139402003805928e-01 6.327427733439104918e-01 1.000000000000000000e+00
3.782944221021290465e-01 5.016037350672200024e-01 1.000000000000000000e+00
4.208798455050520859e-01 5.089638665925176886e-01 1.000000000000000000e+00
5.575537180692230477e-01 3.860211820518647530e-01 1.000000000000000000e+00
3.775134138867998201e-01 2.558321593744147249e-01 1.000000000000000000e+00
4.247902136779970195e-01 4.902408404253029151e-01 1.000000000000000000e+00
4.732555159839865189e-01 6.129806877301433587e-01 1.000000000000000000e+00
5.055190675457809091e-01 6.982157385079318379e-01 1.000000000000000000e+00
2.885950392394168174e-01 5.273507332185964902e-01 1.000000000000000000e+00
2.806694315928093819e-01 4.430746319612834383e-01 1.000000000000000000e+00
5.486994106699368823e-01 3.931496145986393964e-01 1.000000000000000000e+00
5.620011487530497396e-01 4.995386790644434361e-01 1.000000000000000000e+00
5.965784454350501198e-01 7.676974942118830469e-01 1.000000000000000000e+00
3.572880889361610413e-01 4.365620210353265973e-01 1.000000000000000000e+00
4.897206519823650850e-01 4.143417504316181943e-01 1.000000000000000000e+00
4.204821476256025425e-01 5.570714356148448454e-01 1.000000000000000000e+00
4.659694194474050533e-01 5.764561913645674940e-01 1.000000000000000000e+00
5.001019844446740192e-01 5.150646332879563749e-01 1.000000000000000000e+00
4.029662859608469372e-01 5.367197310371815133e-01 1.000000000000000000e+00
3.267920671984068104e-01 4.163823927360770227e-01 1.000000000000000000e+00
5.140730285542203237e-01 5.970789291918445763e-01 1.000000000000000000e+00
3.819300756088538362e-01 3.439664019645886084e-01 1.000000000000000000e+00
3.311032930628375892e-01 5.037415017939352868e-01 1.000000000000000000e+00
6.051353929015566013e-01 5.201257884055265901e-01 1.000000000000000000e+00
4.429601209741986789e-01 3.945140961989825890e-01 1.000000000000000000e+00
5.135781832431546290e-01 6.423131325542050796e-01 1.000000000000000000e+00
7.128376682240974427e-01 4.930713559622684206e-01 1.000000000000000000e+00
3.751855412853968841e-01 4.788970635549992805e-01 1.000000000000000000e+00
3.199465001726982116e-01 4.938341079222096641e-01 1.000000000000000000e+00
1.799395550312206660e-01 4.028252715658603433e-01 1.000000000000000000e+00
4.704395629221963526e-01 5.790180571135014054e-01 1.000000000000000000e+00
5.241164759136029971e-01 4.085105855990833756e-01 1.000000000000000000e+00
4.920434663053666613e-01 4.993132904595011246e-01 1.000000000000000000e+00
2.210901599994331834e-01 2.381557488600657968e-01 1.000000000000000000e+00
7.354771017855947779e-01 3.585669150320246468e-01 1.000000000000000000e+00
4.197607815694507361e-01 3.349543102180536636e-01 1.000000000000000000e+00
5.555423028897751303e-01 5.065427719340711565e-01 1.000000000000000000e+00
4.945135705548903138e-01 5.592601816013675897e-01 1.000000000000000000e+00
5.865515348475554003e-01 3.709121474504101790e-01 1.000000000000000000e+00
2.216586607130345832e-01 4.389570987403864089e-01 1.000000000000000000e+00
3.302864225362726613e-01 4.593043456264961355e-01 1.000000000000000000e+00
3.655764786422441848e-01 3.618675122143091838e-01 1.000000000000000000e+00
4.736838738555138040e-01 4.044223753928338772e-01 1.000000000000000000e+00
4.806743518816700700e-01 7.162619247575372494e-01 1.000000000000000000e+00
6.331808443238703399e-01 4.684098098324920856e-01 1.000000000000000000e+00
6.091363180512050501e-01 6.123905716539967958e-01 1.000000000000000000e+00
3.442752143656364061e-01 5.289589111825211409e-01 1.000000000000000000e+00
5.381706089025972695e-01 2.481336163030039843e-01 1.000000000000000000e+00
4.318084014713488572e-01 3.060962503501143961e-01 1.000000000000000000e+00
2.445158772660065982e-01 5.322205331239130421e-01 1.000000000000000000e+00
3.989968909508450068e-01 3.789473780971062133e-01 1.000000000000000000e+00
6.569401285724681960e-01 5.358420069919591633e-01 1.000000000000000000e+00
5.468158363261094168e-01 7.588480049287968932e-01 1.000000000000000000e+00
5.077120598855551226e-01 3.859512032753453781e-01 1.000000000000000000e+00
5.442897767177625745e-01 8.046671127485475195e-01 1.000000000000000000e+00
3.198815521996976607e-01 4.587124223102334586e-01 1.000000000000000000e+00
3.876446822067297626e-01 5.030212015192698782e-01 1.000000000000000000e+00
2.245130021154050914e-01 4.260582898685230102e-01 1.000000000000000000e+00
3.626567593919090560e-01 5.408843483347696157e-01 1.000000000000000000e+00
3.477956981672315484e-01 4.870910269637436785e-01 1.000000000000000000e+00
3.911929195872345111e-01 1.767492131200464611e-01 1.000000000000000000e+00
5.023956688084471045e-01 3.831681826219596187e-01 1.000000000000000000e+00
7.215959364158650580e-01 2.558419450925392691e-01 1.000000000000000000e+00
5.447252003816606125e-01 2.645500102156211342e-01 1.000000000000000000e+00
5.873802521668286536e-01 4.052954727008226121e-01 1.000000000000000000e+00
5.282095450924065849e-01 5.863891072140449134e-01 1.000000000000000000e+00
4.479871524778942793e-01 3.348826676067558905e-01 1.000000000000000000e+00
2.457037972959165706e-01 5.612082664850243097e-01 1.000000000000000000e+00
5.217130557035549732e-01 5.397026253046678379e-01 1.000000000000000000e+00
3.537196217336923687e-01 4.181842655466918024e-01 1.000000000000000000e+00
3.108349116862821337e-01 3.856183268561723110e-01 1.000000000000000000e+00
5.373333612390760461e-01 5.621445502124498006e-01 1.000000000000000000e+00
3.566254757258277563e-01 3.122859910245247561e-01 1.000000000000000000e+00
4.651501440381401453e-01 3.575296815646984983e-01 1.000000000000000000e+00
7.225638881453072537e-01 3.795684880391312355e-01 1.000000000000000000e+00
4.924788543912382299e-01 4.577233565137761584e-01 1.000000000000000000e+00
6.451521224350925676e-01 6.643729562768384556e-01 1.000000000000000000e+00
3.823485132646424756e-01 4.904862693781135707e-01 1.000000000000000000e+00
2.629586609505702444e-01 2.351688751444006020e-01 1.000000000000000000e+00
4.259554844599141021e-01 6.567663980567213233e-01 1.000000000000000000e+00
5.246206181958251724e-01 6.532794574010570843e-01 1.000000000000000000e+00
2.830143214972058452e-01 5.041346510242435963e-01 1.000000000000000000e+00
8.013985050979961500e-01 6.900218468736964983e-01 1.000000000000000000e+00
4.088388472333241985e-01 3.233005031809952912e-01 1.000000000000000000e+00
2.748920862640399365e-01 6.750880298116486156e-01 1.000000000000000000e+00
5.316534665788728020e-01 6.154228942976823769e-01 1.000000000000000000e+00
5.567386646702072728e-01 6.137022387067728735e-01 1.000000000000000000e+00
4.019341991637748746e-01 6.003514308926841681e-01 1.000000000000000000e+00
6.032284636320511817e-01 4.346289036060057565e-01 1.000000000000000000e+00
5.330305060038916798e-01 4.124142370939186120e-01 1.000000000000000000e+00
3.529932606519200489e-01 4.312900752288322259e-01 1.000000000000000000e+00
1.696267892197077520e-01 3.086428838551335541e-01 1.000000000000000000e+00
3.556810684102331699e-01 2.943925293854338099e-01 1.000000000000000000e+00
6.744612335853701346e-01 2.202052314493797847e-01 1.000000000000000000e+00
5.514845752627389741e-01 4.586303758872166125e-01 1.000000000000000000e+00
3.280472038099421228e-01 2.376776894167435261e-01 1.000000000000000000e+00
4.593038024672907449e-01 4.832547340258339097e-01 1.000000000000000000e+00
6.478003745874317820e-01 3.683686972419912276e-01 1.000000000000000000e+00
3.372190327763270878e-01 3.983842658806657222e-01 1.000000000000000000e+00
5.148579628830922683e-01 6.398626260311062186e-01 1.000000000000000000e+00
5.792966176170845083e-01 5.090255418419081801e-01 1.000000000000000000e+00
4.392330461264818409e-01 3.697719211921409177e-01 1.000000000000000000e+00
4.939656549083926151e-01 5.015436462037247134e-01 1.000000000000000000e+00
3.652979635406567449e-01 3.204691638252868957e-01 1.000000000000000000e+00
4.974230788473255616e-01 3.255732956910256104e-01 1.000000000000000000e+00
5.015994827534473455e-01 6.470317031963013221e-01 1.000000000000000000e+00
4.430254055380074552e-01 4.307048215924607071e-01 1.000000000000000000e+00
4.128360102981870616e-01 5.998457703986298517e-01 1.000000000000000000e+00
4.104427716564723050e-01 4.835255092532139143e-01 1.000000000000000000e+00
4.708989936541997934e-01 6.642247470253158648e-01 1.000000000000000000e+00
5.179425204247886105e-01 4.669507092591305697e-01 1.000000000000000000e+00
6.209094128112750965e-01 3.808048452334578671e-01 1.000000000000000000e+00
4.754027001642335826e-01 4.794850506293430459e-01 1.000000000000000000e+00
3.278310039309762502e-01 2.750355508625988987e-01 1.000000000000000000e+00
3.413538627972742545e-01 5.021017156134851556e-01 1.000000000000000000e+00
3.729385023361549423e-01 3.914495539559631476e-01 1.000000000000000000e+00
4.967378406200701479e-01 5.526446583868522833e-01 1.000000000000000000e+00
5.464028999996660696e-01 3.900835186534131194e-01 1.000000000000000000e+00
6.167007123636483179e-01 4.614936731725080010e-01 1.000000000000000000e+00
4.761541422892879294e-01 5.008962794591241829e-01 1.000000000000000000e+00
5.484608437524584046e-01 5.257741071975658986e-01 1.000000000000000000e+00
4.327664744160492072e-01 6.068320960838041733e-01 1.000000000000000000e+00
5.054000387388241089e-01 5.411894209768914887e-01 1.000000000000000000e+00
6.279138583195726930e-01 5.131171254671875737e-01 1.000000000000000000e+00
4.581765682693956232e-01 6.048868151907715873e-01 1.000000000000000000e+00
5.659084582810695041e-01 4.153292436778454055e-01 1.000000000000000000e+00
5.057426101114302908e-01 4.738075252246076730e-01 1.000000000000000000e+00
3.798461113508783127e-01 2.470506731346091833e-01 1.000000000000000000e+00
4.507719886266933207e-01 4.049985584333021804e-01 1.000000000000000000e+00
3.906956118697528790e-01 5.059254732707705315e-01 1.000000000000000000e+00
3.734542248803350839e-01 5.254987014877582352e-01 1.000000000000000000e+00
4.420382503279240427e-01 4.443342670445082909e-01 1.000000000000000000e+00
7.661353032425999299e-01 5.892244078865519485e-01 1.000000000000000000e+00
4.069290324214164256e-01 4.821391270491319769e-01 1.000000000000000000e+00
4.706751510545867934e-01 4.344313766599304238e-01 1.000000000000000000e+00
3.221501104478589617e-01 5.424791641770750905e-01 1.000000000000000000e+00
5.830220615991900113e-01 6.057867222899115944e-01 1.000000000000000000e+00
6.442842038421220385e-01 5.965046018664323935e-01 1.000000000000000000e+00
5.702258682239891296e-01 4.699474354661311026e-01 1.000000000000000000e+00
4.170698414445201951e-01 5.858485977122384059e-01 1.000000000000000000e+00
4.814398839085927140e-01 3.502807867917097084e-01 1.000000000000000000e+00
6.101353325500464830e-01 7.097715492351057698e-01 1.000000000000000000e+00
6.298888017741683942e-01 5.284210449237030094e-01 1.000000000000000000e+00
5.286822314267015654e-01 2.203390637565482146e-01 1.000000000000000000e+00
2.859722443677920056e-01 3.874917018567526350e-01 1.000000000000000000e+00
3.571821343616375377e-01 1.339448184101867945e-01 1.000000000000000000e+00
4.114386119584892421e-01 4.620484713755371731e-01 1.000000000000000000e+00
5.843433997169541483e-01 6.519835412595786917e-01 1.000000000000000000e+00
4.707516963463901916e-01 4.062759815744796943e-01 1.000000000000000000e+00
6.502294072725287588e-01 5.025562717874018093e-01 1.000000000000000000e+00
5.725502982326570178e-01 6.262759025575214133e-01 1.000000000000000000e+00
5.704839349864182507e-01 5.354957326008148444e-01 1.000000000000000000e+00
5.644616027541070613e-01 6.110645484782220027e-01 1.000000000000000000e+00
4.181729861237999946e-01 3.705243676709105705e-01 1.000000000000000000e+00
5.089079095065041081e-01 4.040495056955526465e-01 1.000000000000000000e+00
5.036341789319622730e-01 3.812039857114339347e-01 1.000000000000000000e+00
5.869394844386401910e-01 3.824390972118499876e-01 1.000000000000000000e+00
3.374269041580461592e-01 5.426155444041592668e-01 1.000000000000000000e+00
4.167998442576454909e-01 4.249253399230720762e-01 1.000000000000000000e+00
6.206826322332832380e-01 5.989264483877255740e-01 1.000000000000000000e+00
5.150457568693340704e-01 4.535410502923895582e-01 1.000000000000000000e+00
4.233130279199978641e-01 5.010275739720844168e-01 1.000000000000000000e+00
4.292423475113770759e-01 4.918025410188461288e-01 1.000000000000000000e+00
6.513160739110853692e-01 5.625702303565531803e-01 1.000000000000000000e+00
4.506152935245287261e-01 5.099357474924930411e-01 1.000000000000000000e+00
3.511884592648319425e-01 1.599240761228401808e-01 1.000000000000000000e+00
5.049803828217197532e-01 5.881894633784612303e-01 1.000000000000000000e+00
4.481712206017894884e-01 4.094618655103804961e-01 1.000000000000000000e+00
4.764172159291322206e-01 4.898279816177916191e-01 1.000000000000000000e+00
5.575954661504188836e-01 4.883315740344881251e-01 1.000000000000000000e+00
5.269771159712213215e-01 5.659084244485642623e-01 1.000000000000000000e+00
3.203777126014160648e-01 3.385569431731024759e-01 1.000000000000000000e+00
5.156604031805518407e-01 5.179765025208021845e-01 1.000000000000000000e+00
4.133229191149886406e-01 4.129289317091919265e-01 1.000000000000000000e+00
4.543144468781992185e-01 3.839935682513389015e-01 1.000000000000000000e+00
3.067224684806500457e-01 4.146611708091863524e-01 1.000000000000000000e+00
5.729788214859242723e-01 4.833355715630167637e-01 1.000000000000000000e+00
4.375294474869216299e-01 6.811574206736688009e-01 1.000000000000000000e+00
4.366560181336644475e-01 5.246397280407243402e-01 1.000000000000000000e+00
5.582877607807202880e-01 4.558425442572482389e-01 1.000000000000000000e+00
3.358851396319287863e-01 4.230016343706859971e-01 1.000000000000000000e+00
4.812147985776701886e-01 4.968570028981861841e-01 1.000000000000000000e+00
3.383959889331153437e-01 5.297564109106048802e-01 1.000000000000000000e+00
4.681036409112072083e-01 5.948195630090433728e-01 1.000000000000000000e+00
5.331510844025557638e-01 4.747437153840042834e-01 1.000000000000000000e+00
4.982643532954868504e-01 4.777759966854266405e-01 1.000000000000000000e+00
3.109452803007605182e-01 4.550563526491508970e-01 1.000000000000000000e+00
3.326776361310189167e-01 2.493862016441206197e-01 1.000000000000000000e+00
5.122227017763416601e-01 4.912551389716089401e-01 1.000000000000000000e+00
3.737021744704823178e-01 4.594993964888082205e-01 1.000000000000000000e+00
4.254499275445235984e-01 5.897170593841375430e-01 1.000000000000000000e+00
6.394736747285912903e-01 6.349583720305346235e-01 1.000000000000000000e+00
5.039427791498882758e-01 6.048330958352979847e-01 1.000000000000000000e+00
2.170247839218327757e-01 3.906948655587261232e-01 1.000000000000000000e+00
4.985251866357515160e-01 5.484658366422686671e-01 1.000000000000000000e+00
4.076362339364169585e-01 5.260152196431170379e-01 1.000000000000000000e+00
5.277927842667529124e-01 3.984512505552643691e-01 1.000000000000000000e+00
4.266702493848797406e-01 5.179774882807568481e-01 1.000000000000000000e+00
4.400839823340242929e-01 5.430461063932888743e-01 1.000000000000000000e+00
4.225201862856616253e-01 5.621607795691158094e-01 1.000000000000000000e+00
3.808967363539681461e-01 4.322134710556410631e-01 1.000000000000000000e+00
4.375427618504461047e-01 6.481211974356582139e-01 1.000000000000000000e+00
7.645083487186128401e-01 5.091648712094120066e-01 1.000000000000000000e+00
5.943639515517593619e-01 4.144471371851695118e-01 1.000000000000000000e+00
5.216847399537020147e-01 5.482941014273529090e-01 1.000000000000000000e+00
5.915717369976603024e-01 5.080365406332012501e-01 1.000000000000000000e+00
5.247193941343851753e-01 4.077881997213380627e-01 1.000000000000000000e+00
5.135167292165174757e-01 5.626784144754675143e-01 1.000000000000000000e+00
5.646939811986110280e-01 4.247239621588370095e-01 1.000000000000000000e+00
4.563916262341710106e-01 4.406797249677000261e-01 1.000000000000000000e+00
4.238266324259721274e-01 4.904052934254419238e-01 1.000000000000000000e+00
4.762311222523394894e-01 3.577136395479786346e-01 1.000000000000000000e+00
2.449359292659507303e-01 4.435211857490288234e-01 1.000000000000000000e+00
6.073677025638719584e-01 4.562298996301137333e-01 1.000000000000000000e+00
3.266093818444149588e-01 4.852628474131734371e-01 1.000000000000000000e+00
4.732072943347839789e-01 7.661491079154451045e-01 1.000000000000000000e+00
4.396844851404869137e-01 4.592036062409231012e-01 1.000000000000000000e+00
3.471513259687011299e-01 5.175806324519517387e-01 1.000000000000000000e+00
4.440831228221067128e-01 5.373539557474702466e-01 1.000000000000000000e+00
4.991694798167538027e-01 3.440635181666929499e-01 1.000000000000000000e+00
4.894132289865388286e-01 5.343666279308015854e-01 1.000000000000000000e+00
4.940447997821776904e-01 4.796577062062188368e-01 1.000000000000000000e+00
5.275430713499271729e-01 4.550765723261598339e-01 1.000000000000000000e+00
7.311589180249637998e-01 5.179798546750878918e-01 1.000000000000000000e+00
3.220854888844077446e-01 5.224320427152923108e-01 1.000000000000000000e+00
4.681554050540170375e-01 4.784675015589751057e-01 1.000000000000000000e+00
5.694482165861183276e-01 4.886112335741241153e-01 1.000000000000000000e+00
4.684416759614774550e-01 4.115261199002533954e-01 1.000000000000000000e+00
3.851253576665383815e-01 3.641774993824381523e-01 1.000000000000000000e+00
5.115303592645291664e-01 4.810899290928074556e-01 1.000000000000000000e+00
5.793116647832259325e-01 5.657554603475539734e-01 1.000000000000000000e+00
3.725919077983717576e-01 4.036706822680742879e-01 1.000000000000000000e+00
4.740337697054943233e-01 4.652728795520037486e-01 1.000000000000000000e+00
2.975927987680739850e-01 5.375285938295946142e-01 1.000000000000000000e+00
6.757185756350663208e-01 5.517500870399115742e-01 1.000000000000000000e+00
3.016509033596769251e-01 3.574029163087605321e-01 1.000000000000000000e+00
3.658948462835404092e-01 5.281153648816907520e-01 1.000000000000000000e+00
4.935948386437473134e-01 5.844502773969992848e-01 1.000000000000000000e+00
4.820367694232406408e-01 2.934324777337282697e-01 1.000000000000000000e+00
5.485848602288013742e-01 3.740040539262319830e-01 1.000000000000000000e+00
5.549209666466077273e-01 5.300997688291320120e-01 1.000000000000000000e+00
4.503499789265082986e-01 3.103160764959404516e-01 1.000000000000000000e+00
4.833907877141362941e-01 6.367186859797445697e-01 1.000000000000000000e+00
4.889986098267523618e-01 4.129447237653012248e-01 1.000000000000000000e+00
3.631751567626031463e-01 6.904925061885044402e-01 1.000000000000000000e+00
5.043074716378844746e-01 5.901914328391449915e-01 1.000000000000000000e+00
5.556826238330475620e-01 4.619373144631073735e-01 1.000000000000000000e+00
4.785274760554043549e-01 5.146121117757226360e-01 1.000000000000000000e+00
4.134942198240180722e-01 4.240494625270634366e-01 1.000000000000000000e+00
5.358401430516649411e-01 5.057908543226266040e-01 1.000000000000000000e+00
5.133176245881462263e-01 4.903070307477305767e-01 1.000000000000000000e+00
4.771244035265686523e-01 1.918292236586189858e-01 1.000000000000000000e+00
5.917914664866900099e-01 3.002009381466342886e-01 1.000000000000000000e+00
4.218091071190323560e-01 4.149679979397181695e-01 1.000000000000000000e+00
5.034055734561750928e-01 3.673005335430722385e-01 1.000000000000000000e+00
5.083179805514894678e-01 5.221440332018066899e-01 1.000000000000000000e+00
5.666340780229652818e-01 2.488702624481763936e-01 1.000000000000000000e+00
2.665359095793750632e-01 4.014781662272778884e-01 1.000000000000000000e+00
5.781510555772749749e-01 4.272525907853164107e-01 1.000000000000000000e+00
4.067542529968273257e-01 4.469106874952888941e-01 1.000000000000000000e+00
2.729011234604518665e-01 4.734949943231800962e-01 1.000000000000000000e+00
5.710844592896372474e-01 5.607568763628754116e-01 1.000000000000000000e+00
2.995358689759913262e-01 3.506590523456156738e-01 1.000000000000000000e+00
6.906994939326646099e-01 4.139859983513642372e-01 1.000000000000000000e+00
6.113192220027401369e-01 6.522099811903570021e-01 1.000000000000000000e+00
3.767059541955556923e-01 3.972142311628065747e-01 1.000000000000000000e+00
5.465473055383942569e-01 4.104367537326829019e-01 1.000000000000000000e+00
5.004695867139860033e-01 5.904465480020043566e-01 1.000000000000000000e+00
5.677260248478319671e-01 5.014509133199021029e-01 1.000000000000000000e+00
5.684680411682062617e-01 3.341209429885190763e-01 1.000000000000000000e+00
6.020039755628008304e-01 8.164022373307442404e-01 1.000000000000000000e+00
4.531729606126981280e-01 4.571390424364819016e-01 1.000000000000000000e+00
6.318359460751790113e-01 4.327533384569137720e-01 1.000000000000000000e+00
1.149852048840868390e-01 1.274904411924508429e-01 0.000000000000000000e+00
2.945668565079895274e-01 3.472244826969365650e-01 0.000000000000000000e+00
3.240619094077784035e-01 4.039601368477971355e-01 0.000000000000000000e+00
3.011247825279832480e-01 2.346423793383327072e-01 0.000000000000000000e+00
5.366752563485783778e-01 4.465674758435546066e-01 0.000000000000000000e+00
3.629480944319527502e-01 1.733006319199386913e-01 0.000000000000000000e+00
4.238102237496936264e-01 3.362391666065003837e-01 0.000000000000000000e+00
2.451824877368676270e-01 3.226016975908904127e-01 0.000000000000000000e+00
1.725686240530143467e-01 2.671393344820055527e-01 0.000000000000000000e+00
2.984278675579015716e-01 6.827637383631064705e-02 0.000000000000000000e+00
2.601560101941616798e-01 4.386205697607364340e-01 0.000000000000000000e+00
3.517119094221684561e-01 2.548941754084146916e-01 0.000000000000000000e+00
4.114223756037503898e-01 6.757972266234207881e-02 0.000000000000000000e+00
5.009444780979687151e-01 5.536514765671153304e-01 0.000000000000000000e+00
1.844766371439668373e-01 4.528686879293661871e-01 0.000000000000000000e+00
4.040321691724341746e-01 4.351295165821372768e-01 0.000000000000000000e+00
1.962264278183465660e-01 2.870205740514766846e-01 0.000000000000000000e+00
4.397057112172798043e-01 5.892419941569662090e-01 0.000000000000000000e+00
3.553357798245975752e-01 4.459292791336393336e-01 0.000000000000000000e+00
4.783437656500566515e-01 2.212858170142593395e-01 0.000000000000000000e+00
3.320228074295404896e-01 4.077962391965362920e-01 0.000000000000000000e+00
3.889847790833589891e-01 2.857270044481639015e-01 0.000000000000000000e+00
5.221557996802745905e-01 4.490486296840769942e-01 0.000000000000000000e+00
2.861202017111929008e-01 1.278846032404334365e-01 0.000000000000000000e+00
4.603215987360921302e-01 4.602996205742728164e-01 0.000000000000000000e+00
3.462726470750717156e-01 1.143723193844912861e-01 0.000000000000000000e+00
3.361240855184068899e-01 1.152406535938810261e-01 0.000000000000000000e+00
5.008656137386742202e-01 2.725069463654014035e-01 0.000000000000000000e+00
5.144129084640972627e-01 3.227643163083399602e-01 0.000000000000000000e+00
2.625396550145207009e-01 2.660375326976165966e-01 0.000000000000000000e+00
2.987495313405386099e-01 4.775077272035558110e-03 0.000000000000000000e+00
4.109008494882593898e-01 7.126517457120663812e-02 0.000000000000000000e+00
1.744138993818701855e-01 2.206811245503977614e-01 0.000000000000000000e+00
3.362454639565657377e-01 8.975960348846978576e-02 0.000000000000000000e+00
2.493730864178957118e-01 3.673823817097909838e-01 0.000000000000000000e+00
4.459515559748730151e-01 4.537804266976523393e-01 0.000000000000000000e+00
3.807312585188744603e-01 2.046087134703402088e-01 0.000000000000000000e+00
9.838305311076185611e-02 2.973895893385075651e-01 0.000000000000000000e+00
9.527144113858472541e-02 4.375500115215233410e-01 0.000000000000000000e+00
1.196105376901050558e-02 4.094502312506419495e-01 0.000000000000000000e+00
3.679559102291007910e-01 3.363917704177282753e-01 0.000000000000000000e+00
3.439959448040558754e-01 8.404947958102913785e-02 0.000000000000000000e+00
2.925115594259132257e-01 2.722151062969860869e-01 0.000000000000000000e+00
4.163689790590412998e-01 2.241954607122774445e-01 0.000000000000000000e+00
1.408562450126455701e-01 3.932232350551104899e-02 0.000000000000000000e+00
2.930394732762108823e-01 2.592051138872270566e-01 0.000000000000000000e+00
2.570623457788869803e-01 3.362900965148287735e-01 0.000000000000000000e+00
3.641849603914032452e-01 3.502705942245998849e-01 0.000000000000000000e+00
9.082485009005876464e-02 4.171574237752923020e-01 0.000000000000000000e+00
3.734867447242470329e-01 3.759607967095855430e-01 0.000000000000000000e+00
2.010521496967398736e-01 2.430674572926471710e-01 0.000000000000000000e+00
3.313264384638329174e-01 2.169043569037500951e-01 0.000000000000000000e+00
3.564620638054005752e-01 4.111122988456395455e-01 0.000000000000000000e+00
2.789493186828683746e-01 1.569530526883838317e-01 0.000000000000000000e+00
5.481281676148443971e-01 2.398604158751729554e-01 0.000000000000000000e+00
1.893123267415192934e-01 3.642767475918848863e-01 0.000000000000000000e+00
2.856144450534487955e-01 3.914514398438040388e-01 0.000000000000000000e+00
3.038721367430847198e-01 3.242267068957841447e-01 0.000000000000000000e+00
3.610245106151159789e-01 1.759563407047223249e-01 0.000000000000000000e+00
3.497318246117073759e-01 3.571277432394342477e-01 0.000000000000000000e+00
3.639272450635992473e-01 3.705415726698039758e-01 0.000000000000000000e+00
3.427779515398735044e-01 3.460718714781634842e-01 0.000000000000000000e+00
2.443576309094697141e-01 3.041976518675998942e-01 0.000000000000000000e+00
1.334590810114575643e-01 4.583926423524805061e-01 0.000000000000000000e+00
3.073207980990178556e-01 2.019590245430616660e-01 0.000000000000000000e+00
1.724936796607255962e-01 2.733776188345811153e-01 0.000000000000000000e+00
3.014404108943509741e-01 3.041932602444886169e-01 0.000000000000000000e+00
2.172904456036614251e-01 2.280529901731419840e-01 0.000000000000000000e+00
3.090998564661539549e-01 4.049585816824110007e-01 0.000000000000000000e+00
4.721487059070516579e-01 4.061732743634228759e-01 0.000000000000000000e+00
3.342954570309667472e-01 2.813458901158874537e-01 0.000000000000000000e+00
2.599143623717911078e-01 3.653945004900459592e-01 0.000000000000000000e+00
2.183824346420850382e-01 3.180983761721626335e-01 0.000000000000000000e+00
1.549143963725890527e-01 1.350399012515055008e-01 0.000000000000000000e+00
3.037295307862140636e-01 3.795604628762181409e-01 0.000000000000000000e+00
2.974827022079537531e-01 3.008516857348122464e-01 0.000000000000000000e+00
5.159668335996916433e-01 2.435247045374250852e-01 0.000000000000000000e+00
3.356737237121053541e-01 1.742052076356918888e-01 0.000000000000000000e+00
3.295163814078396203e-01 3.789752567406480810e-01 0.000000000000000000e+00
2.679781208581613061e-01 3.014457094524782832e-01 0.000000000000000000e+00
2.988372485083361507e-01 3.877350335541003279e-01 0.000000000000000000e+00
3.411578345056016232e-02 1.987907892306287061e-01 0.000000000000000000e+00
2.466000522312206122e-01 3.250256898156854146e-01 0.000000000000000000e+00
3.359457644817264166e-01 3.020933104946251224e-01 0.000000000000000000e+00
1.081332513307505933e-01 3.106351534941541592e-01 0.000000000000000000e+00
6.340081394762112077e-02 2.153136961523069159e-01 0.000000000000000000e+00
1.250664622594809261e-01 3.113280476539496688e-01 0.000000000000000000e+00
3.068383975256939178e-01 2.410981474665806201e-01 0.000000000000000000e+00
3.735239498132279512e-01 2.461327960491666023e-01 0.000000000000000000e+00
4.886444750976549067e-01 5.165927927473074055e-01 0.000000000000000000e+00
3.809314852713031052e-01 3.679756621041931908e-01 0.000000000000000000e+00
1.731598620919500287e-01 2.288167455166374709e-01 0.000000000000000000e+00
2.867452259193193354e-01 3.470730744202966678e-01 0.000000000000000000e+00
4.622951421454563059e-01 5.217480536304990313e-01 0.000000000000000000e+00
2.897916091295577035e-01 1.762446360429590630e-01 0.000000000000000000e+00
5.407432388195247963e-01 4.314049111284057880e-01 0.000000000000000000e+00
1.466599207245950220e-01 1.972293958336051312e-01 0.000000000000000000e+00
2.116650583177224210e-01 1.624963679790635274e-01 0.000000000000000000e+00
2.399837586384435673e-01 3.028458866059984267e-01 0.000000000000000000e+00
1.296402333346556301e-01 1.895641438172196158e-01 0.000000000000000000e+00
3.520627945867140784e-01 2.280999133044777638e-01 0.000000000000000000e+00
2.736708529476686302e-01 3.963649688537446147e-01 0.000000000000000000e+00
2.536383898497819311e-01 1.849285120788786152e-01 0.000000000000000000e+00
2.213560652258692585e-01 3.232354836816152543e-01 0.000000000000000000e+00
2.934760989908531958e-01 3.387514105151988586e-01 0.000000000000000000e+00
2.328901782154464140e-01 4.282519535494871965e-01 0.000000000000000000e+00
1.861671964891752906e-01 3.822511738995893471e-01 0.000000000000000000e+00
2.132886760216778643e-01 5.760459573563234681e-01 0.000000000000000000e+00
2.996173060075298933e-01 3.789246136614221605e-01 0.000000000000000000e+00
2.492365490668689565e-01 2.344792008268441752e-01 0.000000000000000000e+00
2.620076370181839143e-01 2.157281165644791554e-01 0.000000000000000000e+00
4.623173234790368125e-01 1.769526692603029527e-01 0.000000000000000000e+00
4.000018852507675748e-01 4.117507988848335687e-01 0.000000000000000000e+00
2.684359303759357163e-01 3.366760847858358829e-01 0.000000000000000000e+00
2.803969558295290043e-01 3.670745881573703739e-01 0.000000000000000000e+00
5.513387806900171828e-01 4.920783452719288409e-01 0.000000000000000000e+00
3.876329749680439418e-01 2.925359642928387904e-01 0.000000000000000000e+00
1.891073337118140685e-01 2.202042886432868662e-01 0.000000000000000000e+00
4.011736173587733822e-01 4.958760549688614461e-01 0.000000000000000000e+00
8.805980156978461537e-02 2.081341904615179872e-01 0.000000000000000000e+00
3.171610396400253440e-01 3.447695294329771176e-01 0.000000000000000000e+00
2.970105844684894913e-01 5.079205173253767969e-01 0.000000000000000000e+00
3.953937673180829560e-01 2.837300769100264408e-01 0.000000000000000000e+00
4.137520847744526331e-01 5.082844611488802622e-01 0.000000000000000000e+00
1.716243916580086903e-01 2.371759673586857631e-01 0.000000000000000000e+00
1.577728552415912366e-01 2.781824460712276070e-01 0.000000000000000000e+00
3.695264664791999554e-01 3.953391463270000683e-01 0.000000000000000000e+00
4.528669497839419855e-01 3.978783006222264551e-01 0.000000000000000000e+00
2.218278915336635015e-01 2.332237695460745719e-01 0.000000000000000000e+00
3.107340988340984711e-01 1.985609593870149292e-01 0.000000000000000000e+00
1.685095566917398091e-01 1.026665220435488413e-01 0.000000000000000000e+00
2.169417036041612623e-01 2.319642162621008696e-01 0.000000000000000000e+00
7.742491733035554435e-02 2.552646701922441919e-01 0.000000000000000000e+00
4.529504770876335296e-01 4.186344645219645111e-01 0.000000000000000000e+00
1.018632286877058646e-01 3.381968817972056396e-01 0.000000000000000000e+00
4.333887112319084745e-01 1.328995218290548730e-01 0.000000000000000000e+00
1.995689988610963583e-01 3.029219818819611221e-01 0.000000000000000000e+00
1.679978501401746815e-01 3.261528888657307390e-01 0.000000000000000000e+00
2.614305311960017919e-01 2.562516452636159348e-01 0.000000000000000000e+00
3.341259479366688878e-01 2.380023786023757471e-01 0.000000000000000000e+00
3.871104625484933504e-01 4.917202446345002032e-01 0.000000000000000000e+00
4.911019345153879168e-01 2.461328819761950393e-01 0.000000000000000000e+00
2.799232360979310719e-01 3.676735594003616159e-01 0.000000000000000000e+00
3.888600935810670456e-01 3.882821157517664656e-01 0.000000000000000000e+00
3.426945004904555780e-01 4.359243712728922970e-01 0.000000000000000000e+00
2.703321301427853984e-01 1.833728695145479815e-01 0.000000000000000000e+00
3.401476722132109609e-01 3.157063501038143150e-01 0.000000000000000000e+00
3.158104583613182692e-01 2.458615287415341355e-01 0.000000000000000000e+00
3.621484940701633071e-01 2.843188839253611988e-01 0.000000000000000000e+00
5.035839007298147374e-01 2.991398496842287980e-01 0.000000000000000000e+00
4.945852074530877052e-01 2.853048853700749232e-01 0.000000000000000000e+00
3.832212268887397189e-01 5.057317592672179174e-01 0.000000000000000000e+00
4.929280820738895508e-01 4.281961008168096439e-01 0.000000000000000000e+00
2.615371477606548423e-01 2.753915367794538827e-01 0.000000000000000000e+00
2.913253427698482279e-01 3.080798074233180306e-01 0.000000000000000000e+00
1.314268602802128039e-01 2.292365980285259175e-01 0.000000000000000000e+00
4.722941076079755218e-01 3.381639675607649442e-01 0.000000000000000000e+00
1.938129420705854145e-01 5.869793854689627777e-01 0.000000000000000000e+00
1.379920844159889526e-01 3.366878907489193051e-01 0.000000000000000000e+00
2.883370475381354381e-01 3.274135255088073126e-01 0.000000000000000000e+00
1.912565624449030499e-01 4.099994633180050196e-01 0.000000000000000000e+00
1.147609926315256990e-01 2.117433723723293748e-01 0.000000000000000000e+00
4.485337086190142042e-01 2.899237461846100872e-01 0.000000000000000000e+00
3.173822844093248108e-01 4.924532241416337275e-01 0.000000000000000000e+00
3.489320831829857417e-01 3.530576520180808142e-01 0.000000000000000000e+00
4.347726364440765434e-01 3.575541395112289411e-01 0.000000000000000000e+00
3.882811941525212140e-01 2.314540123877511790e-01 0.000000000000000000e+00
9.543068855815049767e-02 1.549088182139221337e-01 0.000000000000000000e+00
2.977794916316999774e-01 3.152783739441010757e-01 0.000000000000000000e+00
1.239322888766418579e-01 2.131656624626508956e-01 0.000000000000000000e+00
4.133825961301823004e-01 2.865806395066625156e-01 0.000000000000000000e+00
4.642181959857633045e-01 4.862655562271694931e-01 0.000000000000000000e+00
4.162965671018752922e-01 4.647762638981738359e-01 0.000000000000000000e+00
4.899629377402113795e-01 3.532224425961363323e-01 0.000000000000000000e+00
2.050332898486904032e-01 3.251407410941599685e-01 0.000000000000000000e+00
3.486003943475829425e-01 3.977938807105408925e-01 0.000000000000000000e+00
3.772794859128027478e-01 4.421049085388533695e-01 0.000000000000000000e+00
2.721011907895772852e-01 1.702229818715108034e-01 0.000000000000000000e+00
5.170747765015271113e-01 2.988427135470181351e-01 0.000000000000000000e+00
4.572061099553905716e-01 4.327279419028640661e-01 0.000000000000000000e+00
3.582648794118773461e-01 2.165163162179585266e-01 0.000000000000000000e+00
2.961893228431055625e-01 9.779890500166983636e-02 0.000000000000000000e+00
4.368991619580032126e-01 4.006053612212918669e-01 0.000000000000000000e+00
4.493843204665266128e-02 2.507148966923150590e-01 0.000000000000000000e+00
7.769280210492919558e-02 1.835605266507851774e-01 0.000000000000000000e+00
2.882718067969262665e-01 2.644609536805719863e-01 0.000000000000000000e+00
1.330458717991053197e-01 3.511757219802532082e-01 0.000000000000000000e+00
2.795049499098203327e-01 3.507291495722620889e-01 0.000000000000000000e+00
3.792069328664905981e-01 4.774426296231969458e-01 0.000000000000000000e+00
7.107418423053801781e-02 2.829350584952189385e-01 0.000000000000000000e+00
1.611293437836423814e-01 3.227798468422691802e-01 0.000000000000000000e+00
2.961743622277998589e-01 3.689566503405245501e-01 0.000000000000000000e+00
5.076991257390388590e-01 3.366801748913684222e-01 0.000000000000000000e+00
3.072256267486231929e-01 2.790010392221219937e-01 0.000000000000000000e+00
3.919183729501936608e-01 2.997874297193847126e-01 0.000000000000000000e+00
4.602300578763325323e-01 1.418341813302858856e-01 0.000000000000000000e+00
3.564444784632017083e-01 3.515870195629802186e-01 0.000000000000000000e+00
2.735635057604137166e-01 3.153219303516718863e-01 0.000000000000000000e+00
2.369889257601631438e-01 3.964400363379284031e-01 0.000000000000000000e+00
3.641768981973542707e-01 3.009661928530735220e-01 0.000000000000000000e+00
3.838870059295959591e-01 3.914962214044291344e-01 0.000000000000000000e+00
2.342686373465373006e-01 2.234579123297585901e-01 0.000000000000000000e+00
2.742981988306235075e-01 2.206235425946281026e-01 0.000000000000000000e+00
3.841550988334078154e-01 1.462128829462867874e-01 0.000000000000000000e+00
2.574169555263362552e-01 1.814960966237771089e-01 0.000000000000000000e+00
2.033293020523763428e-01 2.685338937396343773e-01 0.000000000000000000e+00
2.769495899267237493e-01 2.269354841550920154e-01 0.000000000000000000e+00
4.663729218155319711e-01 3.419490304356602728e-01 0.000000000000000000e+00
1.923852412252524402e-01 3.307007463253284762e-01 0.000000000000000000e+00
5.050000963250921293e-01 2.683965254488552277e-01 0.000000000000000000e+00
1.293891909955268704e-01 2.047388083051915608e-01 0.000000000000000000e+00
2.450264662424039008e-01 2.883834191085028475e-01 0.000000000000000000e+00
4.381313608012207261e-01 3.310036823440900000e-01 0.000000000000000000e+00
3.814072378381880291e-01 3.335436714048956031e-01 0.000000000000000000e+00
2.183681331101350320e-01 3.665855894419563499e-01 0.000000000000000000e+00
3.696048350821939388e-01 2.253713853524594024e-01 0.000000000000000000e+00
4.988033599377560967e-01 4.858242258891821153e-01 0.000000000000000000e+00
3.853750454713963380e-01 3.349910764643413419e-01 0.000000000000000000e+00
2.583867000921856727e-01 3.277865123821401827e-01 0.000000000000000000e+00
2.649061419904148451e-01 2.534561952630437487e-01 0.000000000000000000e+00
2.811865119856609141e-01 5.197442985408323723e-01 0.000000000000000000e+00
2.809623115278397920e-01 2.690730385210589604e-01 0.000000000000000000e+00
3.218192116658194490e-01 5.592624742598207854e-01 0.000000000000000000e+00
2.694720877254612734e-01 2.483603380530723381e-01 0.000000000000000000e+00
3.759076698904803004e-01 3.599184177016814257e-01 0.000000000000000000e+00
2.468983254246395476e-01 3.436312292009011671e-01 0.000000000000000000e+00
8.742351794299385581e-02 0.000000000000000000e+00 0.000000000000000000e+00
1.138246288967982994e-01 3.394510895982651988e-01 0.000000000000000000e+00
7.311524135265442537e-01 3.779972690837304361e-01 0.000000000000000000e+00
2.959250459421531310e-01 1.799991511468461147e-01 0.000000000000000000e+00
1.525420385031655557e-01 2.780851366712355777e-01 0.000000000000000000e+00
2.761608189800260904e-01 4.069219518934852342e-01 0.000000000000000000e+00
3.493517185810838810e-01 2.466749679854779165e-01 0.000000000000000000e+00
4.091121900663068356e-01 2.791387646426786162e-01 0.000000000000000000e+00
2.159838195296817087e-01 3.291522366842575265e-01 0.000000000000000000e+00
3.468806914962422328e-01 3.399269633805609425e-01 0.000000000000000000e+00
2.477203167231149805e-01 5.660336208339861175e-01 0.000000000000000000e+00
3.508177932821823775e-01 3.768927109675819231e-01 0.000000000000000000e+00
2.737633446295486550e-01 3.834385122705999405e-02 0.000000000000000000e+00
3.641634378702288122e-01 3.427383508163984183e-01 0.000000000000000000e+00
2.507133633550459040e-01 4.594042468248497046e-01 0.000000000000000000e+00
4.858794065518248217e-01 4.352990465683728161e-01 0.000000000000000000e+00
2.986716864570028163e-01 2.426507433425021398e-01 0.000000000000000000e+00
4.481775879332904333e-01 2.321738156925060859e-01 0.000000000000000000e+00
2.631333457719457480e-01 4.114072597708888779e-01 0.000000000000000000e+00
2.523537960638753130e-01 3.892386188101090161e-01 0.000000000000000000e+00
4.649131820352786493e-01 5.763412771945369828e-01 0.000000000000000000e+00
2.503421704134751180e-01 2.170437057636526168e-01 0.000000000000000000e+00
3.905658762622921110e-01 4.134684047253660011e-01 0.000000000000000000e+00
4.867152061657551987e-01 1.877623537057820924e-01 0.000000000000000000e+00
3.972861249066138578e-01 2.731854797138417168e-01 0.000000000000000000e+00
5.048020549600958778e-02 3.825343174038230432e-01 0.000000000000000000e+00
4.177574609885136292e-01 4.614727418512748480e-01 0.000000000000000000e+00
3.251538991161343484e-01 3.510061158469012232e-01 0.000000000000000000e+00
4.116384324965561836e-01 4.133707085620326183e-01 0.000000000000000000e+00
2.724663996852784709e-01 3.086834810416549391e-01 0.000000000000000000e+00
3.387447156577136909e-01 3.859882309970585901e-01 0.000000000000000000e+00
2.635415834889512365e-01 3.565334055853449091e-01 0.000000000000000000e+00
2.743613090885123063e-01 3.543826389533260013e-01 0.000000000000000000e+00
2.914539184280214301e-01 2.225585552656081378e-01 0.000000000000000000e+00
2.232199042085738772e-01 3.357057033131779500e-01 0.000000000000000000e+00
4.071316996672836863e-01 3.504481430513950446e-01 0.000000000000000000e+00
3.910826077843710391e-01 2.764586965797309337e-01 0.000000000000000000e+00
3.144835409752019806e-01 2.948305453205848914e-01 0.000000000000000000e+00
3.917949138950976851e-01 4.593582739002617932e-01 0.000000000000000000e+00
5.892090822564208935e-02 1.527852986012606107e-01 0.000000000000000000e+00
5.863784815211249279e-01 3.126306401864653584e-01 0.000000000000000000e+00
2.816530311952984977e-01 3.213524795403356893e-01 0.000000000000000000e+00
2.206900897982812249e-01 3.127389332802623656e-01 0.000000000000000000e+00
2.029152541720903591e-01 4.207028776821484239e-01 0.000000000000000000e+00
2.146444321543269362e-01 3.933013706041701418e-01 0.000000000000000000e+00
3.810545130670204284e-01 3.874044991904736501e-01 0.000000000000000000e+00
1.087222458766747418e-01 3.545747416200779045e-01 0.000000000000000000e+00
1.040503217155637761e-01 2.665118686664033065e-01 0.000000000000000000e+00
2.884633334854577180e-01 2.924996052595658647e-01 0.000000000000000000e+00
2.539060763365870721e-01 2.258555271468973558e-01 0.000000000000000000e+00
2.253742153001048187e-01 3.071745777552287171e-01 0.000000000000000000e+00
3.416600023431824451e-01 3.432487230800708167e-01 0.000000000000000000e+00
3.518513946141094695e-01 1.920899744355797079e-01 0.000000000000000000e+00
1.333308701748682212e-01 4.044045445287645646e-01 0.000000000000000000e+00
3.148058406258657516e-01 4.110889427834874543e-01 0.000000000000000000e+00
2.906437358724852649e-01 2.510980203738025218e-01 0.000000000000000000e+00
2.668377787313514493e-01 2.801896466359899418e-01 0.000000000000000000e+00
4.299454286582296003e-01 5.631595223528443883e-01 0.000000000000000000e+00
4.462756907732411960e-01 4.723401912595016627e-01 0.000000000000000000e+00
2.187766115959333957e-01 2.796303300013199822e-01 0.000000000000000000e+00
2.485116321249039861e-01 5.131152758912405076e-01 0.000000000000000000e+00
3.195608535004071382e-01 3.789826886382600124e-01 0.000000000000000000e+00
1.452557868630779125e-01 2.015522522201366185e-01 0.000000000000000000e+00
3.332315842134495054e-01 1.917606497122006093e-01 0.000000000000000000e+00
3.113707387673926852e-01 1.621464287801576143e-01 0.000000000000000000e+00
1.305955544736577545e-01 6.815689307903596839e-02 0.000000000000000000e+00
1.736568752532548499e-01 3.302043251616241792e-01 0.000000000000000000e+00
3.076886224846955842e-01 3.993294007634813347e-01 0.000000000000000000e+00
8.029400573862126300e-02 2.576010913478357089e-01 0.000000000000000000e+00
2.335525294732744561e-01 2.663308363384969124e-01 0.000000000000000000e+00
4.511001092339371743e-01 2.795328514759655159e-01 0.000000000000000000e+00
4.344131215417513792e-01 3.669169224428810439e-01 0.000000000000000000e+00
3.773831290774182223e-01 3.970654436469616688e-01 0.000000000000000000e+00
4.725289660519105817e-01 1.616207418322144485e-01 0.000000000000000000e+00
2.354227731111624144e-01 4.838122940457365018e-01 0.000000000000000000e+00
4.607920170218372524e-01 3.565869074407582717e-01 0.000000000000000000e+00
5.388832239437827409e-01 5.386665163855820504e-01 0.000000000000000000e+00
3.678765492984293339e-01 5.974067688854207692e-01 0.000000000000000000e+00
2.754596820680059732e-01 1.986110712490992136e-01 0.000000000000000000e+00
4.142350328192171971e-01 5.510060304072985637e-01 0.000000000000000000e+00
2.576096114506472579e-01 2.598397362833088642e-01 0.000000000000000000e+00
2.918311372420941407e-01 4.290659578580320876e-01 0.000000000000000000e+00
5.136584338144490891e-01 4.089572465915905508e-01 0.000000000000000000e+00
