5.743103207067529192e-01 5.891814152888700251e-01 2.000000000000000000e+00
5.346551865300686046e-01 8.341796679668656012e-01 2.000000000000000000e+00
5.519780582543406533e-01 8.923902879191002446e-01 2.000000000000000000e+00
6.456179416857814601e-01 8.545766374667222998e-01 2.000000000000000000e+00
4.089470398703917153e-01 6.170328858385012438e-01 2.000000000000000000e+00
5.637265255349430682e-01 7.340120574552195798e-01 2.000000000000000000e+00
4.424561148474522865e-01 7.429713947922838013e-01 2.000000000000000000e+00
5.069270512926469241e-01 9.315860346217301746e-01 2.000000000000000000e+00
5.265909448195692510e-01 7.140355210018041188e-01 2.000000000000000000e+00
5.358650873709547291e-01 6.349583881287527154e-01 2.000000000000000000e+00
5.039655231286945813e-01 6.364350526651895157e-01 2.000000000000000000e+00
4.800824002065119389e-01 6.404687198359484412e-01 2.000000000000000000e+00
4.594011919994767656e-01 7.931317424088302204e-01 2.000000000000000000e+00
2.410607078058658870e-01 7.631421054430598261e-01 2.000000000000000000e+00
3.777350985017896567e-01 7.214878912737764383e-01 2.000000000000000000e+00
5.065538980258202928e-01 5.388575717154115985e-01 2.000000000000000000e+00
4.215398517711540505e-01 8.008443915156316928e-01 2.000000000000000000e+00
6.435634622285939521e-01 6.982999750447050902e-01 2.000000000000000000e+00
6.063775287208802434e-01 6.610818443628972974e-01 2.000000000000000000e+00
5.195731140887538402e-01 5.383831078343780385e-01 2.000000000000000000e+00
4.801575191743944204e-01 5.262209429970700070e-01 2.000000000000000000e+00
6.631518000433757054e-01 5.203554937920630286e-01 2.000000000000000000e+00
4.124813870372183722e-01 6.413830370599618025e-01 2.000000000000000000e+00
6.581281768293599788e-01 8.543107946350234627e-01 2.000000000000000000e+00
5.411014212824795111e-01 7.247976130761439872e-01 2.000000000000000000e+00
4.092586015291524992e-01 7.047469562349405470e-01 2.000000000000000000e+00
4.480079287983316783e-01 6.741198943207691308e-01 2.000000000000000000e+00
6.513614730799220931e-01 9.242520731670998968e-01 2.000000000000000000e+00
6.415928961081901472e-01 8.420215800241510617e-01 2.000000000000000000e+00
5.045286007235454395e-01 5.631766223542816752e-01 2.000000000000000000e+00
6.941250011930187869e-01 7.659306391024737204e-01 2.000000000000000000e+00
3.986070806853866944e-01 5.151368544364287594e-01 2.000000000000000000e+00
4.071675803699514873e-01 6.933591220438301006e-01 2.000000000000000000e+00
4.426833312765303119e-01 6.936072426332178242e-01 2.000000000000000000e+00
5.952567458821204083e-01 7.319441661885047745e-01 2.000000000000000000e+00
4.236264381849891292e-01 6.898131768804935948e-01 2.000000000000000000e+00
6.014844673823485088e-01 5.336225255403392875e-01 2.000000000000000000e+00
5.154523266007788873e-01 7.202776855101535869e-01 2.000000000000000000e+00
5.296891005936814611e-01 4.832259653609916050e-01 2.000000000000000000e+00
4.844543038400633828e-01 7.471626577054280016e-01 2.000000000000000000e+00
5.460799546008424654e-01 5.288717993668242690e-01 2.000000000000000000e+00
5.335618780520706705e-01 6.515879442263409205e-01 2.000000000000000000e+00
5.866086218602868385e-01 5.719987939981697744e-01 2.000000000000000000e+00
4.426946534656223120e-01 8.164314783574039280e-01 2.000000000000000000e+00
5.574989204612397220e-01 7.477962096502002165e-01 2.000000000000000000e+00
5.463256589308401745e-01 4.271968480476959762e-01 2.000000000000000000e+00
4.365481183294551148e-01 6.259662615561012444e-01 2.000000000000000000e+00
5.801041082502155222e-01 5.551990333192113880e-01 2.000000000000000000e+00
3.730975973490036623e-01 8.139797428678365865e-01 2.000000000000000000e+00
6.692321127473130904e-01 5.924136857575698079e-01 2.000000000000000000e+00
3.599974782686624630e-01 6.598211119417566328e-01 2.000000000000000000e+00
4.364806433649497386e-01 7.214003084411784172e-01 2.000000000000000000e+00
5.738887095028851748e-01 7.457046935073128324e-01 2.000000000000000000e+00
4.875024571144951913e-01 6.831274664183690781e-01 2.000000000000000000e+00
3.175407135901966438e-01 4.738670564567431520e-01 2.000000000000000000e+00
5.670443357895305070e-01 8.581842433937307835e-01 2.000000000000000000e+00
3.327955599649013996e-01 4.450315820538850442e-01 2.000000000000000000e+00
3.077349155825116478e-01 6.499460747638564628e-01 2.000000000000000000e+00
3.646269760771084778e-01 6.644306290104486923e-01 2.000000000000000000e+00
3.951821364725541241e-01 7.659385250892195574e-01 2.000000000000000000e+00
8.088646840214385181e-01 7.007523191616913394e-01 2.000000000000000000e+00
6.617158333019144134e-01 6.233617496292648275e-01 2.000000000000000000e+00
5.546668320331741286e-01 6.352351798466761013e-01 2.000000000000000000e+00
4.828676086827013991e-01 6.426974647960845832e-01 2.000000000000000000e+00
5.686409075014328129e-01 7.031148584157361769e-01 2.000000000000000000e+00
6.596568748740276877e-01 6.435630642982183014e-01 2.000000000000000000e+00
6.880853827757645869e-01 7.355489431134069056e-01 2.000000000000000000e+00
7.637429336268963809e-01 5.606518897984807959e-01 2.000000000000000000e+00
6.275666221354407881e-01 8.095651489065220918e-01 2.000000000000000000e+00
5.335503249309609952e-01 6.295362491461518051e-01 2.000000000000000000e+00
8.022703058414440980e-01 8.730624470667118775e-01 2.000000000000000000e+00
4.158768855211030235e-01 6.484778134038217123e-01 2.000000000000000000e+00
6.242165812922008117e-01 7.020153595732693264e-01 2.000000000000000000e+00
3.988458987508144982e-01 6.019826456040393570e-01 2.000000000000000000e+00
5.842391960040348442e-01 4.120468842599166459e-01 2.000000000000000000e+00
4.970853178462595334e-01 6.242878922626486915e-01 2.000000000000000000e+00
6.445531566286617497e-01 6.144073552945946703e-01 2.000000000000000000e+00
5.809253666531726257e-01 5.812514718743190256e-01 2.000000000000000000e+00
5.552017937351493293e-01 6.845610502946344322e-01 2.000000000000000000e+00
3.827361250832179707e-01 6.463484559102746774e-01 2.000000000000000000e+00
4.630355970660838816e-01 6.208189919176487770e-01 2.000000000000000000e+00
4.714497115247511250e-01 6.068018275123508998e-01 2.000000000000000000e+00
4.897215266163879588e-01 5.915448281034892952e-01 2.000000000000000000e+00
5.987461316537951994e-01 7.116779744585354228e-01 2.000000000000000000e+00
5.735268817645839956e-01 7.432168018981070157e-01 2.000000000000000000e+00
4.963092355158718050e-01 4.576247219930957844e-01 2.000000000000000000e+00
6.848290420060310080e-01 7.332173094949326897e-01 2.000000000000000000e+00
5.405420206082334200e-01 6.548037124588560465e-01 2.000000000000000000e+00
5.488410019875787915e-01 4.628991873820896830e-01 2.000000000000000000e+00
3.901736295709255509e-01 6.065678104283359628e-01 2.000000000000000000e+00
5.262153725909535229e-01 4.166479449913551014e-01 2.000000000000000000e+00
4.437991905495171086e-01 6.886535876752756247e-01 2.000000000000000000e+00
4.868922073410855700e-01 6.590009294684316954e-01 2.000000000000000000e+00
3.683027478620541362e-01 6.066386035362580920e-01 2.000000000000000000e+00
5.843586437851161497e-01 6.577129204198637336e-01 2.000000000000000000e+00
5.805682754531599210e-01 6.371632974945543593e-01 2.000000000000000000e+00
4.267505461452781312e-01 5.271729646428079397e-01 2.000000000000000000e+00
7.133495255057686890e-01 6.627699325642598671e-01 2.000000000000000000e+00
6.193373547097755782e-01 8.513428008603916020e-01 2.000000000000000000e+00
4.074854562083788379e-01 6.210742072315633688e-01 2.000000000000000000e+00
5.708971669078927169e-01 5.787089951535754340e-01 2.000000000000000000e+00
4.698379972657838466e-01 7.080947851304083551e-01 2.000000000000000000e+00
4.733017593544978086e-01 6.107057701323264087e-01 2.000000000000000000e+00
4.838542128452936741e-01 7.553974273443544440e-01 2.000000000000000000e+00
5.242260251634256463e-01 6.274873348449475641e-01 2.000000000000000000e+00
5.416327663469115983e-01 5.874236380224651111e-01 2.000000000000000000e+00
4.454034494946194633e-01 4.753450406606306022e-01 2.000000000000000000e+00
4.934474238954851821e-01 7.830689034852512664e-01 2.000000000000000000e+00
6.213918065668947444e-01 8.667491504063578045e-01 2.000000000000000000e+00
5.287562765694833189e-01 7.315139950314001327e-01 2.000000000000000000e+00
4.492067906859883997e-01 5.501884911689710611e-01 2.000000000000000000e+00
5.063587045396072961e-01 8.130756831591314793e-01 2.000000000000000000e+00
3.804204124909559281e-01 4.574647608753779071e-01 2.000000000000000000e+00
5.443606702211837289e-01 6.662493224399598235e-01 2.000000000000000000e+00
7.512432534048697486e-01 6.305727114470303096e-01 2.000000000000000000e+00
6.066897336624008652e-01 7.607715875575232767e-01 2.000000000000000000e+00
4.864454258059378589e-01 9.129540970553946533e-01 2.000000000000000000e+00
4.404696596421653343e-01 4.848955696766983348e-01 2.000000000000000000e+00
4.673359976588112863e-01 5.336520790966156058e-01 2.000000000000000000e+00
5.505712027394642494e-01 8.601782982028887137e-01 2.000000000000000000e+00
4.754424459821134374e-01 6.308153754492510368e-01 2.000000000000000000e+00
2.699202194252652842e-01 6.595857310157362541e-01 2.000000000000000000e+00
5.999286537095840366e-01 7.139970560015435064e-01 2.000000000000000000e+00
4.341642829948320070e-01 4.649749807615721209e-01 2.000000000000000000e+00
5.382408294180470731e-01 7.358095762849905519e-01 2.000000000000000000e+00
6.643778418357104698e-01 7.880350031999637794e-01 2.000000000000000000e+00
5.391634024200174791e-01 6.434658730207546418e-01 2.000000000000000000e+00
6.233473911699175529e-01 7.879048879146313134e-01 2.000000000000000000e+00
5.307933399932586171e-01 7.467820606779100867e-01 2.000000000000000000e+00
5.838613920433972648e-01 6.171894002559346060e-01 2.000000000000000000e+00
6.405244137013297312e-01 6.122560252846931395e-01 2.000000000000000000e+00
4.144486908114499157e-01 7.639528264853177042e-01 2.000000000000000000e+00
3.738891609969431373e-01 5.592133689603038249e-01 2.000000000000000000e+00
4.492649581652676249e-01 7.754157592801632637e-01 2.000000000000000000e+00
5.737597097075053387e-01 5.295986809096615566e-01 2.000000000000000000e+00
5.040014794977791812e-01 6.516786575559786465e-01 2.000000000000000000e+00
6.331643327929697973e-01 5.787295766399256358e-01 2.000000000000000000e+00
5.801761337721191847e-01 8.682614110660014095e-01 2.000000000000000000e+00
3.746398947170733185e-01 7.907985241185078173e-01 2.000000000000000000e+00
6.415039544404042005e-01 6.246404841655783802e-01 2.000000000000000000e+00
4.795314370162833684e-01 8.030605263195488286e-01 2.000000000000000000e+00
4.599753875313796758e-01 6.303333918993874185e-01 2.000000000000000000e+00
5.107679227266896937e-01 7.838502959297037886e-01 2.000000000000000000e+00
5.497190130487027426e-01 5.351145109617508888e-01 2.000000000000000000e+00
6.230088413679590875e-01 6.798840710787354968e-01 2.000000000000000000e+00
5.597308802903433467e-01 6.673513427981828672e-01 2.000000000000000000e+00
6.811927391641139362e-01 7.752948669533081816e-01 2.000000000000000000e+00
5.729367118154901073e-01 6.620493271093808030e-01 2.000000000000000000e+00
4.593722329233546620e-01 7.513663201199961561e-01 2.000000000000000000e+00
5.417228262662164839e-01 7.561640591491063379e-01 2.000000000000000000e+00
6.097041202027504436e-01 7.305422362530916702e-01 2.000000000000000000e+00
5.230531293098208412e-01 8.335187905674222852e-01 2.000000000000000000e+00
4.469067693494314097e-01 5.405433886710345748e-01 2.000000000000000000e+00
3.932505116324188088e-01 6.442833159392413744e-01 2.000000000000000000e+00
4.500068983262704991e-01 6.907167508628687669e-01 2.000000000000000000e+00
6.016035362242422302e-01 6.934357824439809637e-01 2.000000000000000000e+00
5.516358748541827506e-01 7.054930251671487351e-01 2.000000000000000000e+00
5.817864667769833131e-01 6.640867586885623730e-01 2.000000000000000000e+00
6.400100768774358295e-01 7.405431460139266786e-01 2.000000000000000000e+00
5.664023112084495271e-01 5.655985739102343812e-01 2.000000000000000000e+00
4.262138108747617893e-01 8.327699597486575289e-01 2.000000000000000000e+00
6.095982409352652676e-01 6.914501791264416886e-01 2.000000000000000000e+00
4.585707460633614563e-01 9.306739067992829684e-01 2.000000000000000000e+00
6.729376991594021584e-01 6.408400168687907739e-01 2.000000000000000000e+00
4.397860821875250181e-01 5.792890967224023635e-01 2.000000000000000000e+00
6.595657155009724271e-01 7.178775714922769335e-01 2.000000000000000000e+00
5.198796627762707345e-01 6.846743401474257862e-01 2.000000000000000000e+00
5.582117528423342634e-01 7.579938438579547633e-01 2.000000000000000000e+00
4.883938500847340713e-01 7.675486329421757903e-01 2.000000000000000000e+00
7.027533554110075853e-01 7.521100012555503866e-01 2.000000000000000000e+00
4.964883489887091939e-01 6.825924934812670486e-01 2.000000000000000000e+00
7.049789461617149700e-01 8.208953659585694895e-01 2.000000000000000000e+00
4.410205149021458881e-01 7.412169648363424734e-01 2.000000000000000000e+00
6.363331696737986043e-01 6.730706198082190284e-01 2.000000000000000000e+00
7.371986074192262706e-01 8.040948377706802486e-01 2.000000000000000000e+00
5.754968829724348423e-01 6.138427606021796823e-01 2.000000000000000000e+00
6.359330827434065414e-01 7.466414949669756274e-01 2.000000000000000000e+00
4.640740607194863143e-01 4.876758944529811513e-01 2.000000000000000000e+00
6.147177855292974558e-01 7.957961293601766295e-01 2.000000000000000000e+00
4.899869100340581984e-01 7.434379963933335222e-01 2.000000000000000000e+00
4.860759317113867994e-01 7.557362016117963321e-01 2.000000000000000000e+00
5.068783198672240919e-01 5.334795377192218524e-01 2.000000000000000000e+00
6.316570484925148055e-01 7.260673645567349288e-01 2.000000000000000000e+00
5.140370996834539019e-01 6.997027647134345107e-01 2.000000000000000000e+00
6.276911144055103975e-01 6.630945453792325139e-01 2.000000000000000000e+00
4.778102740502094270e-01 6.728813652576302040e-01 2.000000000000000000e+00
4.423635899531307425e-01 5.386437053836358180e-01 2.000000000000000000e+00
3.354199845685487125e-01 5.564798745114913903e-01 2.000000000000000000e+00
6.377812858097194892e-01 6.490529865768146500e-01 2.000000000000000000e+00
6.254970183251116200e-01 6.121194700793489707e-01 2.000000000000000000e+00
4.082730620739210003e-01 6.339855712707028745e-01 2.000000000000000000e+00
5.543466269401868818e-01 7.278979793803530551e-01 2.000000000000000000e+00
5.610290128806694199e-01 7.217237629568854507e-01 2.000000000000000000e+00
3.745516176769163041e-01 7.427800013765033516e-01 2.000000000000000000e+00
6.051243280664939661e-01 7.927984081404130245e-01 2.000000000000000000e+00
6.480297702846210539e-01 6.073022299243542310e-01 2.000000000000000000e+00
6.323340848217909871e-01 5.266311513217094564e-01 2.000000000000000000e+00
4.965579668630577537e-01 7.261371635541086222e-01 2.000000000000000000e+00
6.705443234619929971e-01 8.209295929141673387e-01 2.000000000000000000e+00
4.947660647240118559e-01 7.039394003413136369e-01 2.000000000000000000e+00
4.755836980662880298e-01 7.150464882067771866e-01 2.000000000000000000e+00
5.369167553940720206e-01 7.089733099206438904e-01 2.000000000000000000e+00
4.248112523763273862e-01 7.413466776769681577e-01 2.000000000000000000e+00
4.449469073208611736e-01 5.436436659481432843e-01 2.000000000000000000e+00
5.401814531322270962e-01 6.624735234048262367e-01 2.000000000000000000e+00
5.837915593985709695e-01 6.258281934542644365e-01 2.000000000000000000e+00
5.067838340140624620e-01 5.597591421019891822e-01 2.000000000000000000e+00
3.684216242678675091e-01 7.045544229222545640e-01 2.000000000000000000e+00
5.744935686682225429e-01 5.322171651829074035e-01 2.000000000000000000e+00
4.791185129639075613e-01 6.404025800619161934e-01 2.000000000000000000e+00
5.347854363761463947e-01 7.034642704503047961e-01 2.000000000000000000e+00
4.877807636057602259e-01 6.661845021129615407e-01 2.000000000000000000e+00
6.659461294637606388e-01 7.332326441543350892e-01 2.000000000000000000e+00
5.822919958158949694e-01 6.438241986760888658e-01 2.000000000000000000e+00
6.255080140858821913e-01 7.491591611060249845e-01 2.000000000000000000e+00
2.755625242594301749e-01 7.983216856698975850e-01 2.000000000000000000e+00
5.073090535645166099e-01 5.908764662721393002e-01 2.000000000000000000e+00
7.167704482647091480e-01 7.068114766536126581e-01 2.000000000000000000e+00
4.922773607357832093e-01 8.007135712312737352e-01 2.000000000000000000e+00
6.834918054070624471e-01 7.652450068969900432e-01 2.000000000000000000e+00
3.420734533602251548e-01 6.146287187930583595e-01 2.000000000000000000e+00
4.670281695673696443e-01 7.829007312554402409e-01 2.000000000000000000e+00
6.518217153127725538e-01 7.286898746493249979e-01 2.000000000000000000e+00
4.739855863392889446e-01 6.290814976728731356e-01 2.000000000000000000e+00
4.042172410651896364e-01 6.650269287825848474e-01 2.000000000000000000e+00
5.693195311889366339e-01 6.000126177600672017e-01 2.000000000000000000e+00
6.136347741986298843e-01 5.969427671835790816e-01 2.000000000000000000e+00
4.761317695562070074e-01 5.445551136468329556e-01 2.000000000000000000e+00
6.303984935505354548e-01 6.416233364867814926e-01 2.000000000000000000e+00
5.012115817197774215e-01 7.758360924991245522e-01 2.000000000000000000e+00
4.720789370863099355e-01 4.338360979548904206e-01 2.000000000000000000e+00
5.830175432343234210e-01 6.586552056336081318e-01 2.000000000000000000e+00
4.872574649127402457e-01 6.398910200849122765e-01 2.000000000000000000e+00
4.050861890957663802e-01 6.436646798146371529e-01 2.000000000000000000e+00
7.204233820407784927e-01 7.429554775683223644e-01 2.000000000000000000e+00
6.179346127253124710e-01 7.535893412710193973e-01 2.000000000000000000e+00
5.446736422518206888e-01 7.112237085913928336e-01 2.000000000000000000e+00
4.278393970724519990e-01 4.256559071258539939e-01 2.000000000000000000e+00
2.773301783195117332e-01 4.765304069081590099e-01 2.000000000000000000e+00
5.243135931729253629e-01 7.351121582556355838e-01 2.000000000000000000e+00
5.606543290081753561e-01 8.235025672852362977e-01 2.000000000000000000e+00
4.687196409513290085e-01 4.953534008869528993e-01 2.000000000000000000e+00
4.985865014855026534e-01 8.170862545627119999e-01 2.000000000000000000e+00
4.447082606718045783e-01 7.382809306430095919e-01 2.000000000000000000e+00
3.787494848930037517e-01 6.420667871987920661e-01 2.000000000000000000e+00
4.404321939130928509e-01 6.584178962956306336e-01 2.000000000000000000e+00
4.964135512372968573e-01 6.696517162176930382e-01 2.000000000000000000e+00
6.035602774346202626e-01 7.092921455263888619e-01 2.000000000000000000e+00
4.708805872989801355e-01 7.073188956825546825e-01 2.000000000000000000e+00
4.077949388645322193e-01 8.726717664575096567e-01 2.000000000000000000e+00
4.573550098421839127e-01 6.213705009389729472e-01 2.000000000000000000e+00
5.070507026054512645e-01 7.503721213906843213e-01 2.000000000000000000e+00
6.253896376684492386e-01 6.711350738244883374e-01 2.000000000000000000e+00
5.097557914751306152e-01 7.649997426362808994e-01 2.000000000000000000e+00
6.019258716094000317e-01 6.118766001226380036e-01 2.000000000000000000e+00
5.127806937370958940e-01 7.541929883000000334e-01 2.000000000000000000e+00
4.307382739925261217e-01 6.035940439783987754e-01 2.000000000000000000e+00
4.015436320216422272e-01 5.799057150992713572e-01 2.000000000000000000e+00
5.000206521257188896e-01 6.111430879030045338e-01 2.000000000000000000e+00
6.795670205791998209e-01 5.125952622964323746e-01 2.000000000000000000e+00
3.809092675644850101e-01 8.007870126737490768e-01 2.000000000000000000e+00
5.764747281222701858e-01 7.010861726330823718e-01 2.000000000000000000e+00
4.898410304513596270e-01 6.006158720062326761e-01 2.000000000000000000e+00
4.213789803413939827e-01 8.395921859411674681e-01 2.000000000000000000e+00
5.744090187992052510e-01 6.459038494037616651e-01 2.000000000000000000e+00
6.573175929575777454e-01 8.953658047454620128e-01 2.000000000000000000e+00
6.083678923782871450e-01 7.044430604390347073e-01 2.000000000000000000e+00
4.109193089292463852e-01 5.164944277655190152e-01 2.000000000000000000e+00
4.601407942505937876e-01 9.185121534287302714e-01 2.000000000000000000e+00
7.378166983625989994e-01 9.130478262592345295e-01 2.000000000000000000e+00
5.516729254290264617e-01 7.604468342258020597e-01 2.000000000000000000e+00
5.102896658770376126e-01 6.085382089779678427e-01 2.000000000000000000e+00
3.923287280136773525e-01 7.961049815414416031e-01 2.000000000000000000e+00
5.544126377208036249e-01 7.387291179343780101e-01 2.000000000000000000e+00
7.095424358397988129e-01 7.437321750159572309e-01 2.000000000000000000e+00
6.685713838755147354e-01 6.803957812075964728e-01 2.000000000000000000e+00
3.806232068165601445e-01 6.762781603933001318e-01 2.000000000000000000e+00
6.430826459377390059e-01 8.097436637701670437e-01 2.000000000000000000e+00
6.330904939778972951e-01 6.347550810908439978e-01 2.000000000000000000e+00
5.766010578494847882e-01 6.219189913964717764e-01 2.000000000000000000e+00
4.539818685659837705e-01 5.935498206931779652e-01 2.000000000000000000e+00
4.183172910425027591e-01 7.051316621686992692e-01 2.000000000000000000e+00
5.170901275861180535e-01 7.662954205856710166e-01 2.000000000000000000e+00
4.729907583055695808e-01 9.021484666265596752e-01 2.000000000000000000e+00
4.519105050875026897e-01 7.002057258844789356e-01 2.000000000000000000e+00
6.930839742188300567e-01 7.260892381758595748e-01 2.000000000000000000e+00
5.449396510585757802e-01 6.127195344331898275e-01 2.000000000000000000e+00
5.951538611304295623e-01 7.408268497835743815e-01 2.000000000000000000e+00
3.617011344059470890e-01 6.471243782194919802e-01 2.000000000000000000e+00
5.766794220480242483e-01 6.752940676686488564e-01 2.000000000000000000e+00
6.500103708272370051e-01 5.644049866470085552e-01 2.000000000000000000e+00
6.251532418230510979e-01 5.399691208969562561e-01 2.000000000000000000e+00
5.060005346237812507e-01 1.000000000000000000e+00 2.000000000000000000e+00
5.186116466127218549e-01 7.352647618377201599e-01 2.000000000000000000e+00
3.571107646524900869e-01 5.890627640988559399e-01 2.000000000000000000e+00
7.131800075653793591e-01 6.026597076067634617e-01 2.000000000000000000e+00
5.585068232753913620e-01 6.762380298274907053e-01 2.000000000000000000e+00
6.327101813252098417e-01 7.189078124002845627e-01 2.000000000000000000e+00
3.871043549087691549e-01 8.569469674749786714e-01 2.000000000000000000e+00
7.378142059249555018e-01 4.136906429266860585e-01 2.000000000000000000e+00
5.244642684457913040e-01 7.182767848965719848e-01 2.000000000000000000e+00
5.527423318896670379e-01 6.743795415717046549e-01 2.000000000000000000e+00
5.419697186838684511e-01 6.157889130792797427e-01 2.000000000000000000e+00
6.334192620227332426e-01 7.720412906079993087e-01 2.000000000000000000e+00
4.597193243646423566e-01 6.230611280892222048e-01 2.000000000000000000e+00
4.835063591597981159e-01 5.168976597086217817e-01 2.000000000000000000e+00
5.813747602780854340e-01 7.984405949020588755e-01 2.000000000000000000e+00
4.256772952042845448e-01 6.656051982335046135e-01 2.000000000000000000e+00
6.136711145435665982e-01 7.399757977832169820e-01 2.000000000000000000e+00
4.055041605728921250e-01 6.560467557110193360e-01 2.000000000000000000e+00
6.505680203008986640e-01 6.102814604208923743e-01 2.000000000000000000e+00
6.985179225968224381e-01 6.095800841892108357e-01 2.000000000000000000e+00
4.586845234089969581e-01 6.411582639704488384e-01 2.000000000000000000e+00
4.364354458905971290e-01 5.096067504926544700e-01 2.000000000000000000e+00
5.300285211450882494e-01 6.656276905843317993e-01 2.000000000000000000e+00
5.592476495832714445e-01 7.225374379600877361e-01 2.000000000000000000e+00
3.717392780266637886e-01 7.096411363128999339e-01 2.000000000000000000e+00
4.801347990395331555e-01 5.907965442986167215e-01 2.000000000000000000e+00
5.407236572235004646e-01 7.845706853047516027e-01 2.000000000000000000e+00
3.948971393774390881e-01 7.224946335936172082e-01 2.000000000000000000e+00
3.832922007780418250e-01 6.825453188771186674e-01 2.000000000000000000e+00
5.424737292383252640e-01 6.627037225476823945e-01 2.000000000000000000e+00
6.145396962281211017e-01 7.399729660605822712e-01 2.000000000000000000e+00
7.546861126054731361e-01 7.683708126518058457e-01 2.000000000000000000e+00
3.425017359002550110e-01 6.714361315272823205e-01 2.000000000000000000e+00
5.732696037445134118e-01 9.423735435405895533e-01 2.000000000000000000e+00
3.627325366847440336e-01 7.014970056902354312e-01 2.000000000000000000e+00
6.154926226097254816e-01 4.205090571357347762e-01 2.000000000000000000e+00
4.999186187470227583e-01 7.847904382318163785e-01 2.000000000000000000e+00
5.664700186541041793e-01 8.016431534957036975e-01 2.000000000000000000e+00
5.254482543644826142e-01 8.507338656621585837e-01 2.000000000000000000e+00
4.729134916611856254e-01 7.245263428105856995e-01 2.000000000000000000e+00
3.779805106433955508e-01 6.564850886337705305e-01 2.000000000000000000e+00
4.312372597934550633e-01 5.974258750206579149e-01 2.000000000000000000e+00
6.204997916173944361e-01 6.570226990904629583e-01 2.000000000000000000e+00
5.733793474811690327e-01 8.826542845015472594e-01 2.000000000000000000e+00
5.970333072295262999e-01 8.294568613331840812e-01 2.000000000000000000e+00
5.224586459954596585e-01 7.843342371618520215e-01 2.000000000000000000e+00
5.028753004189155940e-01 8.286729126692191638e-01 2.000000000000000000e+00
4.894069601893812349e-01 6.683680825384965551e-01 2.000000000000000000e+00
3.520454127043562420e-01 6.012756796755743816e-01 2.000000000000000000e+00
3.682212866965398068e-01 4.465838641490067484e-01 2.000000000000000000e+00
5.890126110853725061e-01 6.325019111134836391e-01 2.000000000000000000e+00
5.991310146806659853e-01 5.046656911906307608e-01 2.000000000000000000e+00
7.439455001808439327e-01 6.270287194911174922e-01 2.000000000000000000e+00
5.463141396436257402e-01 9.083212378820681998e-01 2.000000000000000000e+00
5.478741716512189885e-01 6.055619978526931568e-01 2.000000000000000000e+00
5.835673781777164226e-01 5.318703505305649726e-01 2.000000000000000000e+00
5.974981440060542770e-01 7.620059817860098672e-01 2.000000000000000000e+00
4.218056414504049445e-01 5.858949711680258021e-01 2.000000000000000000e+00
5.619429444284339548e-01 6.831675548191753489e-01 2.000000000000000000e+00
4.619786319739626612e-01 8.569333988208970299e-01 2.000000000000000000e+00
3.892517246398158326e-01 7.510479168723716015e-01 2.000000000000000000e+00
5.094099573317113494e-01 9.007364086028456507e-01 2.000000000000000000e+00
4.807501488359232078e-01 7.401395652691041827e-01 2.000000000000000000e+00
5.246650948243215540e-01 6.713080214227384879e-01 2.000000000000000000e+00
5.635829891832924154e-01 5.700782832268821432e-01 2.000000000000000000e+00
4.853157954561436727e-01 6.370724710150311720e-01 2.000000000000000000e+00
6.135710572551750230e-01 8.513261184590268371e-01 2.000000000000000000e+00
2.450427539821270484e-01 6.820474308190629387e-01 2.000000000000000000e+00
4.171217145769459123e-01 5.316896066827695444e-01 2.000000000000000000e+00
4.396511229903445339e-01 4.997221178344762316e-01 2.000000000000000000e+00
5.361511788234614162e-01 8.402939269310740755e-01 2.000000000000000000e+00
5.875580439395373666e-01 5.143269858475706391e-01 2.000000000000000000e+00
5.420455811092824705e-01 6.292226333116653914e-01 2.000000000000000000e+00
6.339553717363042296e-01 5.458057763655860262e-01 2.000000000000000000e+00
5.638477006588668017e-01 6.691128037627139813e-01 2.000000000000000000e+00
6.221785890999377289e-01 7.470475477421024690e-01 2.000000000000000000e+00
4.399434878440649510e-01 5.456725111301893305e-01 2.000000000000000000e+00
4.396044716077459058e-01 7.928519614998917886e-01 2.000000000000000000e+00
6.531275567702342633e-01 7.771538443301858612e-01 2.000000000000000000e+00
5.455012982596119109e-01 7.051042091778256804e-01 2.000000000000000000e+00
3.856121074674862537e-01 6.406037230083849732e-01 2.000000000000000000e+00
6.825385732102163816e-01 7.396394328089599401e-01 2.000000000000000000e+00
3.740292056832016931e-01 7.130077483522881954e-01 2.000000000000000000e+00
5.555119760840211418e-01 6.392782393325585621e-01 2.000000000000000000e+00
5.074170080964077734e-01 7.812743814661774477e-01 2.000000000000000000e+00
3.276365728647255837e-01 7.022516057986994964e-01 2.000000000000000000e+00
5.580407300552314709e-01 8.180282454367113765e-01 2.000000000000000000e+00
7.509082877291610725e-01 9.147687756062189424e-01 2.000000000000000000e+00
6.914843241067605284e-01 8.525593703113779620e-01 2.000000000000000000e+00
4.088830403711453676e-01 5.605600900034261036e-01 2.000000000000000000e+00
4.723141737962421316e-01 5.471101855829600957e-01 2.000000000000000000e+00
6.620541291394143046e-01 6.318494359149738893e-01 2.000000000000000000e+00
4.211952844859092604e-01 4.761612685696947067e-01 2.000000000000000000e+00
4.399519365718304043e-01 9.449169653796373192e-01 2.000000000000000000e+00
5.591482885847514073e-01 6.582980090849743782e-01 2.000000000000000000e+00
6.289971488780687903e-01 6.009649025360024321e-01 2.000000000000000000e+00
5.244051618077756327e-01 5.022043727909375477e-01 2.000000000000000000e+00
4.146368870198280931e-01 7.871067132609634864e-01 2.000000000000000000e+00
3.166755286392546886e-01 6.773599948607392784e-01 2.000000000000000000e+00
5.076381336115352028e-01 6.916227381829361809e-01 2.000000000000000000e+00
6.433047647665431912e-01 6.891120312262720704e-01 2.000000000000000000e+00
5.458341159905268913e-01 7.945621666076887468e-01 2.000000000000000000e+00
5.093425368343182935e-01 6.379928212304371016e-01 2.000000000000000000e+00
5.801589964881348482e-01 6.312946670276895489e-01 2.000000000000000000e+00
6.506457536451342172e-01 6.007530803096886585e-01 2.000000000000000000e+00
6.059236954976480183e-01 9.294115786495262821e-01 2.000000000000000000e+00
5.074354303801921207e-01 6.416634257181684786e-01 2.000000000000000000e+00
4.603775014320302117e-01 7.990399933262117838e-01 2.000000000000000000e+00
3.645733101137099141e-01 6.866668164319069678e-01 2.000000000000000000e+00
7.810798882162850454e-01 8.468264580498118255e-01 2.000000000000000000e+00
2.619221017272898022e-01 6.735142423472550988e-01 2.000000000000000000e+00
4.144723537303763305e-01 6.348918195522518237e-01 2.000000000000000000e+00
5.438697919260317981e-01 5.975147969279626103e-01 2.000000000000000000e+00
5.483913647960785287e-01 7.974749226649334721e-01 2.000000000000000000e+00
5.679717672702414566e-01 7.695966859124301340e-01 2.000000000000000000e+00
4.388751787375475555e-01 6.403434578451063786e-01 2.000000000000000000e+00
3.960112790364078150e-01 6.926690327979512229e-01 2.000000000000000000e+00
4.515039032652806150e-01 5.708567103307958801e-01 2.000000000000000000e+00
5.432917301202618843e-01 7.079712591183903170e-01 2.000000000000000000e+00
5.329587745135063725e-01 5.709574339474148275e-01 2.000000000000000000e+00
5.083532524884399884e-01 8.174687277051090328e-01 2.000000000000000000e+00
5.950052053201495550e-01 5.843414660003659611e-01 2.000000000000000000e+00
3.910915701816773948e-01 8.938508778829682422e-01 2.000000000000000000e+00
5.646380363514453826e-01 7.588911421732230655e-01 2.000000000000000000e+00
5.668255202150884742e-01 8.056586521555838543e-01 2.000000000000000000e+00
4.639387455625441636e-01 7.433035803061330826e-01 2.000000000000000000e+00
7.324387572149582137e-01 6.447741036505317824e-01 2.000000000000000000e+00
6.220279408959802359e-01 7.261464252925241558e-01 2.000000000000000000e+00
5.461420196631667778e-01 6.443856253850676064e-01 2.000000000000000000e+00
4.725826942668471808e-01 6.966730207740994274e-01 2.000000000000000000e+00
4.132060068096422567e-01 8.184910001590552930e-01 2.000000000000000000e+00
4.486865182476685310e-01 8.226706323227130913e-01 2.000000000000000000e+00
6.097793260823850536e-01 8.371011182357498415e-01 2.000000000000000000e+00
5.962010173421987691e-01 6.483682267420165513e-01 2.000000000000000000e+00
4.840255777755627653e-01 5.904894570861261016e-01 2.000000000000000000e+00
5.336217354270686997e-01 6.376000794058805932e-01 2.000000000000000000e+00
6.186803956279113281e-01 5.895114113637940356e-01 2.000000000000000000e+00
6.088068593842841381e-01 7.155834334707519284e-01 2.000000000000000000e+00
7.285847004969735474e-01 6.915642189194144418e-01 2.000000000000000000e+00
4.860673621644568398e-01 6.915768989276835921e-01 2.000000000000000000e+00
5.920040098677388229e-01 7.035575927518903372e-01 2.000000000000000000e+00
6.133523192359133791e-01 6.574648566275920203e-01 2.000000000000000000e+00
5.361393134532875804e-01 7.166976161110623078e-01 2.000000000000000000e+00
4.047226323361157174e-01 6.084828677639378958e-01 2.000000000000000000e+00
5.875632645408133126e-01 5.521042316719224630e-01 2.000000000000000000e+00
5.237510635948734450e-01 5.722282668813484241e-01 2.000000000000000000e+00
6.407499252365321807e-01 6.661279889532956133e-01 2.000000000000000000e+00
3.608551401408076620e-01 5.890884774767312093e-01 2.000000000000000000e+00
5.220775287383788710e-01 7.368004056210692987e-01 2.000000000000000000e+00
4.753920554177459845e-01 7.312052116373796151e-01 2.000000000000000000e+00
5.201196481337384547e-01 7.242749563777338695e-01 2.000000000000000000e+00
6.206349139457665309e-01 5.750072315401520973e-01 2.000000000000000000e+00
5.399990887821930485e-01 8.960706266470228609e-01 2.000000000000000000e+00
4.677670136241656729e-01 6.947385747152826641e-01 2.000000000000000000e+00
7.078676929207471380e-01 7.084309317554943197e-01 2.000000000000000000e+00
4.943617038129314856e-01 5.697045359062117287e-01 2.000000000000000000e+00
4.602337787161519533e-01 6.902791320498761207e-01 2.000000000000000000e+00
5.156389805226587741e-01 7.620848387053412720e-01 2.000000000000000000e+00
4.531471869357635018e-01 6.969146078786546683e-01 2.000000000000000000e+00
5.329543882045750802e-01 4.708851980824060313e-01 2.000000000000000000e+00
5.931282193337991115e-01 6.194422156034458116e-01 2.000000000000000000e+00
7.567329487450326075e-01 8.618895191373857623e-01 2.000000000000000000e+00
5.739089349745419844e-01 8.445747937670629035e-01 2.000000000000000000e+00
5.786726473949468375e-01 6.480566011914187241e-01 2.000000000000000000e+00
4.614469667305844403e-01 5.912069013126783901e-01 2.000000000000000000e+00
3.958773145742700561e-01 4.418546957557727972e-01 2.000000000000000000e+00
3.819339740218856694e-01 7.548296583802418525e-01 2.000000000000000000e+00
7.541507096309580938e-01 6.706665662938048333e-01 2.000000000000000000e+00
5.376004894644964560e-01 8.070082385717700646e-01 2.000000000000000000e+00
4.356313723015193262e-01 5.723723087561082279e-01 2.000000000000000000e+00
6.316898737312425238e-01 7.404939400981577213e-01 2.000000000000000000e+00
5.307088647379660795e-01 7.332179201096213905e-01 2.000000000000000000e+00
5.803400640013604006e-01 6.041426407831936851e-01 2.000000000000000000e+00
5.143991506937980462e-01 4.607549493492959503e-01 2.000000000000000000e+00
4.121163007931662459e-01 6.104352278523167419e-01 2.000000000000000000e+00
6.107455453121922728e-01 5.865585100053716250e-01 2.000000000000000000e+00
6.034241307789174336e-01 6.863797040967543062e-01 2.000000000000000000e+00
5.328044944284295870e-01 7.487651223733085004e-01 2.000000000000000000e+00
3.522151292295609970e-01 7.914380371407359060e-01 2.000000000000000000e+00
4.512658649648546016e-01 6.213070717716037139e-01 2.000000000000000000e+00
4.603482693371788170e-01 7.285902682614294745e-01 2.000000000000000000e+00
2.788825649118772954e-01 6.556130853021555627e-01 2.000000000000000000e+00
6.157332334599737722e-01 8.556125522336280875e-01 2.000000000000000000e+00
5.110355436888897041e-01 6.811781516469092024e-01 2.000000000000000000e+00
5.446228227153667723e-01 7.548272945144056667e-01 2.000000000000000000e+00
3.886786796858029414e-01 7.051999740925121163e-01 2.000000000000000000e+00
5.698005306124981351e-01 7.448002198038452537e-01 2.000000000000000000e+00
5.281433697679358552e-01 5.603258059508899880e-01 2.000000000000000000e+00
5.765704384034663343e-01 7.518841692453994696e-01 2.000000000000000000e+00
7.044885923766233127e-01 7.503435293823640384e-01 2.000000000000000000e+00
6.305580150114583615e-01 5.357483802824447583e-01 2.000000000000000000e+00
5.530890510276471606e-01 9.816607099398962921e-01 2.000000000000000000e+00
4.983614061880050627e-01 5.484246383674292735e-01 2.000000000000000000e+00
5.835530632518297622e-01 8.691878630881487711e-01 2.000000000000000000e+00
4.718235571224363989e-01 5.551554406531429287e-01 2.000000000000000000e+00
6.564709424485007938e-01 6.762939768117602890e-01 2.000000000000000000e+00
5.838328978618004816e-01 6.227410860708807450e-01 2.000000000000000000e+00
6.105503997154309026e-01 6.943289474913314496e-01 2.000000000000000000e+00
4.354300532467334506e-01 6.794492546524240062e-01 2.000000000000000000e+00
7.586603233870041763e-01 8.015051475185791530e-01 2.000000000000000000e+00
6.890186151482053933e-01 8.051002865441669876e-01 2.000000000000000000e+00
5.407454258971495786e-01 6.007551062984003432e-01 2.000000000000000000e+00
4.667201240513665916e-01 7.679532741391741357e-01 2.000000000000000000e+00
7.997972426223007858e-01 8.526027119998295101e-01 2.000000000000000000e+00
6.468218401752128255e-01 6.704370939777773986e-01 2.000000000000000000e+00
3.739469917246213138e-01 5.628254286679859053e-01 2.000000000000000000e+00
5.528189933552298818e-01 6.216514857883959078e-01 2.000000000000000000e+00
4.544702081774146807e-01 5.407366710337175864e-01 2.000000000000000000e+00
4.574170109592037292e-01 4.557770354742925467e-01 2.000000000000000000e+00
5.017630238888912686e-01 8.219207552151225338e-01 2.000000000000000000e+00
5.171845885894058581e-01 6.175632527152953299e-01 2.000000000000000000e+00
6.733575540068005294e-01 7.595842831881906010e-01 2.000000000000000000e+00
5.950045496141854739e-01 4.901016696940502237e-01 2.000000000000000000e+00
3.320210722452768826e-01 7.451804770780847686e-01 2.000000000000000000e+00
5.450745693968824801e-01 6.470925456931476694e-01 2.000000000000000000e+00
6.102276442030152293e-01 6.679620205953509249e-01 2.000000000000000000e+00
4.504290515792219174e-01 5.967672621959302370e-01 2.000000000000000000e+00
7.605404834568684214e-01 9.352142570595257665e-01 2.000000000000000000e+00
7.165870547044491667e-01 5.801831298500254031e-01 2.000000000000000000e+00
6.717504004208109114e-01 7.109464698061633836e-01 2.000000000000000000e+00
3.988666125069650348e-01 6.177203976913834271e-01 2.000000000000000000e+00
4.883858685004556222e-01 7.023821150717740602e-01 2.000000000000000000e+00
5.058975289404632480e-01 4.970226249546371711e-01 2.000000000000000000e+00
5.659293354164971479e-01 6.906591460600931542e-01 2.000000000000000000e+00
4.837562243979395271e-01 5.958913231476342665e-01 2.000000000000000000e+00
6.985821225783166444e-01 6.105885084121053241e-01 2.000000000000000000e+00
5.258175251913429493e-01 7.061497748975954503e-01 2.000000000000000000e+00
3.742904855913748996e-01 7.324993292633895647e-01 2.000000000000000000e+00
6.387284536921828959e-01 7.247079066065155173e-01 2.000000000000000000e+00
3.511141906976522065e-01 7.362577174136942793e-01 2.000000000000000000e+00
5.029871345250367387e-01 8.981987791887121597e-01 2.000000000000000000e+00
5.477090734251949256e-01 7.960123874372514452e-01 2.000000000000000000e+00
5.158657653091606177e-01 7.672349190857750134e-01 2.000000000000000000e+00
5.696828483611542371e-01 6.352239268017083607e-01 2.000000000000000000e+00
5.197691479212454002e-01 7.853104196598423847e-01 2.000000000000000000e+00
3.476874506209690074e-01 5.878570452030422722e-01 2.000000000000000000e+00
4.398790674927102184e-01 5.698068941724545589e-01 2.000000000000000000e+00
5.907714565650653560e-01 6.859033307874021768e-01 2.000000000000000000e+00
6.553337162580020747e-01 5.411226514153535394e-01 2.000000000000000000e+00
5.400060277767556594e-01 7.071186095800312543e-01 2.000000000000000000e+00
4.808325515275553297e-01 7.067321600206313281e-01 2.000000000000000000e+00
4.964252273044181818e-01 4.792993178553015543e-01 2.000000000000000000e+00
4.674131639362095747e-01 6.230002708949574641e-01 2.000000000000000000e+00
6.562283441449107135e-01 6.669944150313946718e-01 2.000000000000000000e+00
4.763336277292970489e-01 5.283598191712660652e-01 2.000000000000000000e+00
5.925441866240015454e-01 6.492775799896502997e-01 2.000000000000000000e+00
5.492879264436113518e-01 7.519766207722136109e-01 2.000000000000000000e+00
5.665921470757642187e-01 6.438267500503744856e-01 2.000000000000000000e+00
4.750671945028627774e-01 6.422140857600417974e-01 2.000000000000000000e+00
6.481801404990006343e-01 7.112399521541978853e-01 2.000000000000000000e+00
5.691729082348543356e-01 4.673330836351501372e-01 2.000000000000000000e+00
6.275434882966230976e-01 5.744494416332421860e-01 2.000000000000000000e+00
6.486136154705525181e-01 8.425778618014498900e-01 2.000000000000000000e+00
5.354962664781794945e-01 6.255195836999501990e-01 2.000000000000000000e+00
5.524833149692001122e-01 6.576727744779355955e-01 2.000000000000000000e+00
5.458820658837627571e-01 6.827671570978499638e-01 2.000000000000000000e+00
5.717752612271069790e-01 5.307624701141273604e-01 2.000000000000000000e+00
3.181881466467808561e-01 5.239603841038518173e-01 2.000000000000000000e+00
6.742341845993373717e-01 6.465803523724091839e-01 2.000000000000000000e+00
2.565705524103323865e-01 6.046780651006403717e-01 2.000000000000000000e+00
5.673932682151788809e-01 7.441922355089586327e-01 2.000000000000000000e+00
4.546034331751804269e-01 6.280153658244185255e-01 2.000000000000000000e+00
6.757936816128609081e-01 5.239238931743780414e-01 2.000000000000000000e+00
4.956145831138608071e-01 6.804786741257637939e-01 2.000000000000000000e+00
5.963748714447409949e-01 5.946831979903065557e-01 2.000000000000000000e+00
4.424022523513370109e-01 6.254892452293571159e-01 2.000000000000000000e+00
7.619753389609222882e-01 7.133608596597517115e-01 2.000000000000000000e+00
4.420905429406952192e-01 6.623131071322324592e-01 2.000000000000000000e+00
5.464537676360667895e-01 7.128251037879886898e-01 2.000000000000000000e+00
5.497019745645328470e-01 7.664061168227060961e-01 2.000000000000000000e+00
4.368652327583473771e-01 5.128098416207456101e-01 2.000000000000000000e+00
5.015811115561152889e-01 8.117520090838818980e-01 2.000000000000000000e+00
5.645416802817979640e-01 6.196051429997214699e-01 2.000000000000000000e+00
3.404821994273289354e-01 6.475495098201957678e-01 2.000000000000000000e+00
5.115382611397050194e-01 5.642966384832240889e-01 2.000000000000000000e+00
5.001261365151897786e-01 7.572090525848920173e-01 2.000000000000000000e+00
5.993273260480931341e-01 5.835166407490971485e-01 2.000000000000000000e+00
2.843627878000280496e-01 6.122713851494370196e-01 2.000000000000000000e+00
7.283313597984336640e-01 7.846445427787251958e-01 2.000000000000000000e+00
6.927660537234312521e-01 8.199221649987676885e-01 2.000000000000000000e+00
4.745576865906197539e-01 5.776372323011744747e-01 2.000000000000000000e+00
6.199784945647079937e-01 7.486584294928710914e-01 2.000000000000000000e+00
4.313844226890531930e-01 5.027930078272975223e-01 2.000000000000000000e+00
5.715185133826204966e-01 4.932383653699652926e-01 2.000000000000000000e+00
4.430237270608317623e-01 7.731733931634391377e-01 2.000000000000000000e+00
6.907195515952672116e-01 7.044389441626036641e-01 2.000000000000000000e+00
7.568678525788803402e-01 6.854339627734311602e-01 2.000000000000000000e+00
4.786710209227915125e-01 6.455687757800190330e-01 2.000000000000000000e+00
5.995280860774083731e-01 7.131553894149771367e-01 2.000000000000000000e+00
4.663243610268650863e-01 4.635427717001702197e-01 2.000000000000000000e+00
5.266761917750042432e-01 6.874281474863540575e-01 2.000000000000000000e+00
5.694151218444311047e-01 7.174151272431903426e-01 2.000000000000000000e+00
3.607088200687620927e-01 5.372614588591457796e-01 2.000000000000000000e+00
6.463956738436471561e-01 8.505458111164075907e-01 2.000000000000000000e+00
4.702067821643255430e-01 4.053304915832507405e-01 2.000000000000000000e+00
5.829626320789256244e-01 6.482121131871372288e-01 2.000000000000000000e+00
2.328302228229049697e-01 4.251642526770558761e-01 2.000000000000000000e+00
5.300663973882243640e-01 6.864567398461060010e-01 2.000000000000000000e+00
5.447600067765535625e-01 7.822649405771096021e-01 2.000000000000000000e+00
5.051381896555892093e-01 5.592901746981487898e-01 2.000000000000000000e+00
4.712997181325769280e-01 7.161890174753839933e-01 2.000000000000000000e+00
5.584775256449133751e-01 7.023145810860469407e-01 2.000000000000000000e+00
4.175802351244214949e-01 7.144492545874865375e-01 2.000000000000000000e+00
2.788374621803632047e-01 7.704004615661581568e-01 2.000000000000000000e+00
5.730423073980503990e-01 5.845369755693232694e-01 2.000000000000000000e+00
2.558571133364675454e-01 7.016251044459561603e-01 2.000000000000000000e+00
3.741435822083247764e-01 8.118724717787665357e-01 2.000000000000000000e+00
5.885359324564283234e-01 7.288177782510952829e-01 2.000000000000000000e+00
4.098215985405682105e-01 7.042675650915632968e-01 2.000000000000000000e+00
6.130061726324795845e-01 7.943223204933645976e-01 2.000000000000000000e+00
3.980915927495704554e-01 7.211661188807138023e-01 2.000000000000000000e+00
6.864732378663579437e-01 7.689699792295077163e-01 2.000000000000000000e+00
5.180747259819366013e-01 6.287387676491695832e-01 2.000000000000000000e+00
5.446618973703453159e-01 8.216496281026073323e-01 2.000000000000000000e+00
4.053791181724098469e-01 6.435796792948708100e-01 2.000000000000000000e+00
4.031948797074437763e-01 7.472631002781687792e-01 2.000000000000000000e+00
5.914734942661543649e-01 6.282578993008041124e-01 2.000000000000000000e+00
6.192302299411907018e-01 6.937745577543255049e-01 2.000000000000000000e+00
6.450455568720754318e-01 6.085414282726393509e-01 2.000000000000000000e+00
2.344287340888525917e-01 7.194283201447438936e-01 2.000000000000000000e+00
3.606318104051434714e-01 7.864724659381997496e-01 2.000000000000000000e+00
3.712500585488367477e-01 7.551768113920538372e-01 2.000000000000000000e+00
4.731082376202581652e-01 6.985538529970569677e-01 2.000000000000000000e+00
6.070155690425262929e-01 6.799428494134415191e-01 2.000000000000000000e+00
4.795525178296220492e-01 5.157473433795810580e-01 2.000000000000000000e+00
4.153301962827639637e-01 7.071966283293144029e-01 2.000000000000000000e+00
5.063931990461751909e-01 6.974381235857396444e-01 2.000000000000000000e+00
5.100014350332272572e-01 9.016033333791794169e-01 2.000000000000000000e+00
5.029854870619496765e-01 6.383091059985790405e-01 2.000000000000000000e+00
4.408782097207354922e-01 6.590902681569711374e-01 2.000000000000000000e+00
5.456658052430773953e-01 4.584460649263824572e-01 2.000000000000000000e+00
6.114803556645229676e-01 7.192523444219667272e-01 2.000000000000000000e+00
5.245445413388190037e-01 9.382465832643952508e-01 2.000000000000000000e+00
2.268411380058129589e-01 5.476106973244653231e-01 2.000000000000000000e+00
4.885136270672007508e-01 7.733005357881349573e-01 2.000000000000000000e+00
5.218379162945983030e-01 9.353364685001956946e-01 2.000000000000000000e+00
5.461196778586124845e-01 7.170654535431577603e-01 2.000000000000000000e+00
3.421222677882139185e-01 7.144127991625712770e-01 2.000000000000000000e+00
5.299367109181239988e-01 5.647909636918505560e-01 2.000000000000000000e+00
5.303455450296280516e-01 7.877931815202970922e-01 2.000000000000000000e+00
6.687635198221097976e-01 7.378943459965593421e-01 2.000000000000000000e+00
5.904188837212624996e-01 7.254939788490362140e-01 2.000000000000000000e+00
4.244247292330501908e-01 7.857286191402131914e-01 2.000000000000000000e+00
5.143173485992120764e-01 9.151077127761706453e-01 2.000000000000000000e+00
4.978574857946499455e-01 8.624751397489029969e-01 2.000000000000000000e+00
4.275696069668228905e-01 6.746874662590108818e-01 2.000000000000000000e+00
4.759366535360217698e-01 5.526219802560455863e-01 2.000000000000000000e+00
4.385966451273989875e-01 8.346350623709731797e-01 2.000000000000000000e+00
4.415537254680921841e-01 5.563573558408365649e-01 2.000000000000000000e+00
5.902574929883964705e-01 5.289319506049666719e-01 2.000000000000000000e+00
5.445994846767927555e-01 6.668910117339363897e-01 2.000000000000000000e+00
6.746818431477903388e-01 7.089075948941305771e-01 2.000000000000000000e+00
5.375875825021909638e-01 9.135652575928272512e-01 2.000000000000000000e+00
5.081598949626792150e-01 5.677660628402819709e-01 2.000000000000000000e+00
4.433790654200205905e-01 5.687576229644092374e-01 2.000000000000000000e+00
4.278335945669373697e-01 6.705913910353588081e-01 2.000000000000000000e+00
4.568875987352305490e-01 5.422540093338429346e-01 2.000000000000000000e+00
6.717261542826243881e-01 6.281788091141146113e-01 2.000000000000000000e+00
6.133208205549713909e-01 5.778139532814067225e-01 2.000000000000000000e+00
3.497906219068613320e-01 8.252171785824290451e-01 2.000000000000000000e+00
5.551789137185391132e-01 6.002587154143100845e-01 2.000000000000000000e+00
4.376546750053169066e-01 7.375929009169758244e-01 2.000000000000000000e+00
5.225628442125470619e-01 7.136624311007649935e-01 2.000000000000000000e+00
4.146826635456530297e-01 7.284876820126110486e-01 2.000000000000000000e+00
4.735354623967751309e-01 7.080417946910279037e-01 2.000000000000000000e+00
3.102743035018754036e-01 5.135010674078481774e-01 2.000000000000000000e+00
5.792722439240716170e-01 4.728784195904717769e-01 2.000000000000000000e+00
4.286984322448136320e-01 8.118361823323735349e-01 2.000000000000000000e+00
7.269227327639498082e-01 8.695696655157324484e-01 2.000000000000000000e+00
4.903830022482230100e-01 6.630351961733982336e-01 2.000000000000000000e+00
4.438976919668162768e-01 7.358404770674925599e-01 2.000000000000000000e+00
4.631791206453578780e-01 5.691055525328672093e-01 2.000000000000000000e+00
3.133067338453374706e-01 5.843978683049434464e-01 2.000000000000000000e+00
3.562491055885229629e-01 8.290637776998327491e-01 2.000000000000000000e+00
6.291223630696729519e-01 7.617201380644106345e-01 2.000000000000000000e+00
3.721527623912470606e-01 6.277212157482582322e-01 2.000000000000000000e+00
5.405235584095607893e-01 6.669676051481785439e-01 2.000000000000000000e+00
4.435011830668068034e-01 6.644771999445443500e-01 2.000000000000000000e+00
4.022160196527819753e-01 6.192405751749888720e-01 2.000000000000000000e+00
3.879198497840347648e-01 7.250687027384112859e-01 2.000000000000000000e+00
4.895121242701098718e-01 7.808574641812238148e-01 2.000000000000000000e+00
6.580261665743009081e-01 7.083690417054682165e-01 2.000000000000000000e+00
4.266059049666892089e-01 4.870408944123588157e-01 2.000000000000000000e+00
5.314141378867718313e-01 7.324307015138529220e-01 2.000000000000000000e+00
4.938445628943967103e-01 6.099232435079161574e-01 2.000000000000000000e+00
5.421831602057221033e-01 6.713595489810425532e-01 2.000000000000000000e+00
5.317832585907191767e-01 7.747725015090810574e-01 2.000000000000000000e+00
3.990592515493487924e-01 5.292689973440537488e-01 2.000000000000000000e+00
5.947018909743386761e-01 8.114675822391699267e-01 2.000000000000000000e+00
8.099549318134396936e-01 6.882642504655557270e-01 2.000000000000000000e+00
6.097809408179369894e-01 6.578915171893509051e-01 2.000000000000000000e+00
3.577960951468608375e-01 7.484686755933430691e-01 2.000000000000000000e+00
7.003854714871782239e-01 7.483855778081341947e-01 2.000000000000000000e+00
5.855973883605768426e-01 6.499250312815687547e-01 2.000000000000000000e+00
4.920185227753786639e-01 5.753791119380129437e-01 2.000000000000000000e+00
4.867111518391734060e-01 6.369574149876835456e-01 2.000000000000000000e+00
4.521348049215908604e-01 6.160362065998087333e-01 2.000000000000000000e+00
6.412492777401082034e-01 8.269986594209682851e-01 2.000000000000000000e+00
4.670524579553394506e-01 8.288368342286660528e-01 2.000000000000000000e+00
5.582079267332347161e-01 8.113570577969632103e-01 2.000000000000000000e+00
7.633114471642568066e-01 8.082269544387588045e-01 2.000000000000000000e+00
4.918054179037767981e-01 7.110689672387513482e-01 2.000000000000000000e+00
4.341370009144838726e-01 4.995623706055105084e-01 2.000000000000000000e+00
3.952480665090659095e-01 7.700255251553516089e-01 2.000000000000000000e+00
5.633008985914846889e-01 7.027837157783100031e-01 2.000000000000000000e+00
5.488790120471691569e-01 7.768856462128935769e-01 2.000000000000000000e+00
4.290022087571154774e-01 5.049089773136545833e-01 2.000000000000000000e+00
3.462593580017324646e-01 5.985279445553907118e-01 2.000000000000000000e+00
6.147743680513957365e-01 5.001799326431094483e-01 2.000000000000000000e+00
4.861243580239756890e-01 5.789708886035108693e-01 2.000000000000000000e+00
3.605821493787262355e-01 7.568641462155630828e-01 2.000000000000000000e+00
5.475489557213772951e-01 6.693860159547191380e-01 2.000000000000000000e+00
4.715439601016995219e-01 7.391210951733702128e-01 2.000000000000000000e+00
5.033871066982601450e-01 7.534978090914311588e-01 2.000000000000000000e+00
2.605719396917041686e-01 7.657638877491147467e-01 2.000000000000000000e+00
6.651377291812244907e-01 6.332973077580484889e-01 2.000000000000000000e+00
4.694824827923750332e-01 6.868574250284826821e-01 2.000000000000000000e+00
4.345320916664465738e-01 3.153612159491609446e-01 2.000000000000000000e+00
5.829167159707696610e-01 6.122267223764150668e-01 2.000000000000000000e+00
6.332428106116378963e-01 6.826123983304315246e-01 2.000000000000000000e+00
5.814367472769239598e-01 6.079372530087467918e-01 2.000000000000000000e+00
3.639058058762211778e-01 7.698394526071287158e-01 2.000000000000000000e+00
5.818601089464247034e-01 6.837277551844886947e-01 2.000000000000000000e+00
5.240341092661930933e-01 5.959986137738937373e-01 2.000000000000000000e+00
3.005421697497764888e-01 5.873023414646463269e-01 2.000000000000000000e+00
5.411808012284996527e-01 7.733947400359446611e-01 2.000000000000000000e+00
3.400356085963567310e-01 7.159892440703886640e-01 2.000000000000000000e+00
5.261929403772863667e-01 7.612791583243022631e-01 2.000000000000000000e+00
5.786357576713547779e-01 7.207166447767835438e-01 2.000000000000000000e+00
4.650932234068916316e-01 6.719907136755268739e-01 2.000000000000000000e+00
5.822845227356371334e-01 5.145199591109494985e-01 2.000000000000000000e+00
5.327053917226692858e-01 8.998436061611245762e-01 2.000000000000000000e+00
6.826601588506716611e-01 7.452992889827310119e-01 2.000000000000000000e+00
5.128812596175090777e-01 8.638187395042805639e-01 2.000000000000000000e+00
5.330837673682904398e-01 8.453031551077359040e-01 2.000000000000000000e+00
6.451914760955673733e-01 6.619718359624561232e-01 2.000000000000000000e+00
6.757370867810505999e-01 8.531131522906497677e-01 2.000000000000000000e+00
6.041068153312968425e-01 7.423033765448936450e-01 2.000000000000000000e+00
5.334908696693269059e-01 6.176929781660238650e-01 2.000000000000000000e+00
6.202118093270617694e-01 5.544110462066736966e-01 2.000000000000000000e+00
6.055284479776325002e-01 5.476781359515612291e-01 2.000000000000000000e+00
5.168342839290062107e-01 5.858060052002453943e-01 2.000000000000000000e+00
5.980426926830103573e-01 5.778309058528361408e-01 2.000000000000000000e+00
4.518679470579612945e-01 5.246208216098273702e-01 2.000000000000000000e+00
4.791197820520818329e-01 5.632355346956926523e-01 2.000000000000000000e+00
5.331430921335972295e-01 6.789637972617745820e-01 2.000000000000000000e+00
5.101023134483798627e-01 6.113127011232970531e-01 2.000000000000000000e+00
4.465403714486402831e-01 7.868672426397312902e-01 2.000000000000000000e+00
3.531317867153722090e-01 7.788130625032285703e-01 2.000000000000000000e+00
6.323173918808495664e-01 7.342660609979280162e-01 2.000000000000000000e+00
5.574824668494329227e-01 7.629434448906611266e-01 2.000000000000000000e+00
4.189804387099975158e-01 7.233704163634765427e-01 2.000000000000000000e+00
7.895403191873882065e-01 6.913422321993414332e-01 2.000000000000000000e+00
4.729013672852557248e-01 2.626174981696677291e-01 1.000000000000000000e+00
7.372738509915250926e-01 4.108902887066199217e-01 1.000000000000000000e+00
5.134058845185384135e-01 3.387059066237058103e-01 1.000000000000000000e+00
4.785195247481748293e-01 5.283820695344990659e-01 1.000000000000000000e+00
5.983443051081297481e-01 1.844177281335897534e-01 1.000000000000000000e+00
4.007014876544058857e-01 3.230262147783147242e-01 1.000000000000000000e+00
4.856708562012715391e-01 2.847924858680336846e-01 1.000000000000000000e+00
4.624699729305075668e-01 5.363746214316882366e-01 1.000000000000000000e+00
4.055425136283599130e-01 3.907639916465974195e-01 1.000000000000000000e+00
3.336167375740556884e-01 5.323493459496926317e-01 1.000000000000000000e+00
7.794379007012866012e-01 6.003218379403937321e-01 1.000000000000000000e+00
4.366528973745819608e-01 5.102972649933575910e-01 1.000000000000000000e+00
5.660539752463856766e-01 4.592759354378195824e-01 1.000000000000000000e+00
5.026991207935113115e-01 3.863607485107989903e-01 1.000000000000000000e+00
4.597206957346151035e-01 3.937642977344382178e-01 1.000000000000000000e+00
5.753137211509131710e-01 3.925481917065694604e-01 1.000000000000000000e+00
3.926601959324654834e-01 3.656617222160735148e-01 1.000000000000000000e+00
5.053313243052495185e-01 6.091446173472964132e-01 1.000000000000000000e+00
5.277082495709968235e-01 3.856725419762075391e-01 1.000000000000000000e+00
6.027469272195035144e-01 5.713730974038124799e-01 1.000000000000000000e+00
5.078754127151138276e-01 4.227253159236766256e-01 1.000000000000000000e+00
3.785284133484895785e-01 3.956012521861855813e-01 1.000000000000000000e+00
3.129125283420425840e-01 3.105436635213879581e-01 1.000000000000000000e+00
4.806468292241865004e-01 4.281196876917715555e-01 1.000000000000000000e+00
3.371069806658056334e-01 4.575637974015508425e-01 1.000000000000000000e+00
5.456987666154079486e-01 4.185326790826920940e-01 1.000000000000000000e+00
3.853287181259099636e-01 5.608488174842850560e-01 1.000000000000000000e+00
4.325771191952594297e-01 4.611319958661369012e-01 1.000000000000000000e+00
5.144167255012238593e-01 3.785297016907431811e-01 1.000000000000000000e+00
4.476524736051544218e-01 4.131845555115573609e-01 1.000000000000000000e+00
4.600760331164959749e-01 2.923444935043624238e-01 1.000000000000000000e+00
4.084490574166328991e-01 3.636822820526649513e-01 1.000000000000000000e+00
3.986325742378308279e-01 5.710411694437100838e-01 1.000000000000000000e+00
4.041063216681415327e-01 3.913289919578673004e-01 1.000000000000000000e+00
3.373980258523144871e-01 4.996958719664783555e-01 1.000000000000000000e+00
5.663169088960022801e-01 4.818410816254781737e-01 1.000000000000000000e+00
4.584663928560568924e-01 4.523116780635631495e-01 1.000000000000000000e+00
5.417687257059992101e-01 3.473299313386649101e-01 1.000000000000000000e+00
4.140789519896059256e-01 5.121634418082690043e-01 1.000000000000000000e+00
5.032103666266409814e-01 6.155360138284836635e-01 1.000000000000000000e+00
4.496904588131948044e-01 2.958873633827161509e-01 1.000000000000000000e+00
4.371475035490153815e-01 5.734212923767418868e-01 1.000000000000000000e+00
3.499904120496836746e-01 5.620632989084405340e-01 1.000000000000000000e+00
4.083156988582631319e-01 6.017684577265051127e-01 1.000000000000000000e+00
4.394560588787901345e-01 1.402734908077214737e-01 1.000000000000000000e+00
4.411884833666009920e-01 4.046310083608760100e-01 1.000000000000000000e+00
4.597049309795582239e-01 5.678382105789107070e-01 1.000000000000000000e+00
5.576072650584438239e-01 3.912702249750202865e-01 1.000000000000000000e+00
4.313268264991259038e-01 5.050899133525823537e-01 1.000000000000000000e+00
1.959142849639965156e-01 1.969932785497775785e-01 1.000000000000000000e+00
5.324993087214122678e-01 3.394672620261025564e-01 1.000000000000000000e+00
4.791100019064338245e-01 3.660758032348910840e-01 1.000000000000000000e+00
3.134981597154333222e-01 3.974669171874426477e-01 1.000000000000000000e+00
3.867908564545728400e-01 5.096535653845530867e-01 1.000000000000000000e+00
4.397718411549382256e-01 2.948101685136744199e-01 1.000000000000000000e+00
2.790125704791991401e-01 3.966467396077849039e-01 1.000000000000000000e+00
6.201491759240908008e-01 6.184055611233478800e-01 1.000000000000000000e+00
2.851906015915726123e-01 4.484064790837943293e-01 1.000000000000000000e+00
7.128952371800861831e-01 4.382788367749828606e-01 1.000000000000000000e+00
2.855516001144827176e-01 3.492233378485823381e-01 1.000000000000000000e+00
5.592498895691456751e-01 2.802136048682223324e-01 1.000000000000000000e+00
6.280203694360163569e-01 5.032012738663754758e-01 1.000000000000000000e+00
2.955562531605284149e-01 4.335329673311654197e-01 1.000000000000000000e+00
5.425681814071545706e-01 5.630632078524644424e-01 1.000000000000000000e+00
5.141451974314430462e-01 4.484582039421282085e-01 1.000000000000000000e+00
5.708893767094901373e-01 4.823687830493786355e-01 1.000000000000000000e+00
3.659413514968101189e-01 4.509265061268585839e-01 1.000000000000000000e+00
6.929519929468325179e-01 4.585853066570968473e-01 1.000000000000000000e+00
3.923401464886374646e-01 5.985732255172016014e-01 1.000000000000000000e+00
4.904016054791903723e-01 5.874731945333204752e-01 1.000000000000000000e+00
5.308901651563306956e-01 7.036062329878897126e-01 1.000000000000000000e+00
5.054258942634370921e-01 4.406001409550172609e-01 1.000000000000000000e+00
6.518764002364758614e-01 3.828824140626043149e-01 1.000000000000000000e+00
4.754600389324710741e-01 4.793673937752866432e-01 1.000000000000000000e+00
5.435922099128929208e-01 3.118445078942661541e-01 1.000000000000000000e+00
5.831426746146025630e-01 5.826695442005779269e-01 1.000000000000000000e+00
2.434740810843298020e-01 4.827043995065816717e-01 1.000000000000000000e+00
5.141880852783120570e-01 4.679428685323258064e-01 1.000000000000000000e+00
5.166254524450809571e-01 4.098582535287644824e-01 1.000000000000000000e+00
1.921380050214832880e-01 4.340316451517377550e-01 1.000000000000000000e+00
3.842274834277681350e-01 4.996225494811600276e-01 1.000000000000000000e+00
3.409947168128728556e-01 3.244371648137677200e-01 1.000000000000000000e+00
4.448855931990163270e-01 3.592475843566720894e-01 1.000000000000000000e+00
3.181982225225716832e-01 3.924596226541644528e-01 1.000000000000000000e+00
4.689330426539247698e-01 4.444223713007007803e-01 1.000000000000000000e+00
3.397436861558406074e-01 5.133614102596537609e-01 1.000000000000000000e+00
5.644531861369955772e-01 4.155889089817540460e-01 1.000000000000000000e+00
3.648479463690253444e-01 2.259599453761455823e-01 1.000000000000000000e+00
5.611483475543660449e-01 6.695916374822893369e-01 1.000000000000000000e+00
4.511522810324014032e-01 4.154520639407541793e-01 1.000000000000000000e+00
4.858184590953428805e-01 4.294589760245652310e-01 1.000000000000000000e+00
4.097020070637522049e-01 3.616374991536538963e-01 1.000000000000000000e+00
3.460662796860073942e-01 4.863562850179762864e-01 1.000000000000000000e+00
4.308008062993232690e-01 2.869962051024024796e-01 1.000000000000000000e+00
4.310819497135963130e-01 4.576376369177690973e-01 1.000000000000000000e+00
5.411717980182741972e-01 4.365046146609316557e-01 1.000000000000000000e+00
4.243924844567903421e-01 5.678100707525980395e-01 1.000000000000000000e+00
5.247974850189091045e-01 4.489057165102937064e-01 1.000000000000000000e+00
4.283428666755778602e-01 1.753856808665942291e-01 1.000000000000000000e+00
5.975943054772304697e-01 6.097798779873538910e-01 1.000000000000000000e+00
6.300953219850602416e-01 5.296210691166126638e-01 1.000000000000000000e+00
5.048510131033483450e-01 5.345232452009456292e-01 1.000000000000000000e+00
3.498634894680301977e-01 4.161249529791002932e-01 1.000000000000000000e+00
5.335671055822583941e-01 4.249896986258993592e-01 1.000000000000000000e+00
3.711578350219995048e-01 3.218218982685220886e-01 1.000000000000000000e+00
4.256364114477576011e-01 4.543435718897466669e-01 1.000000000000000000e+00
4.735992585529905652e-01 3.262293786521613392e-01 1.000000000000000000e+00
4.388193823563725227e-01 4.319644194227675871e-01 1.000000000000000000e+00
5.961996608877062620e-01 5.298977881941795420e-01 1.000000000000000000e+00
4.278416711276374906e-01 4.282743734092380183e-01 1.000000000000000000e+00
3.611159755480543576e-01 3.238156690234497148e-01 1.000000000000000000e+00
3.457848809067566309e-01 4.973215266589108285e-01 1.000000000000000000e+00
5.135387306140866137e-01 5.273059667318696908e-01 1.000000000000000000e+00
6.170949404362316981e-01 4.312835690106004427e-01 1.000000000000000000e+00
5.635931587232608786e-01 3.536056764575279954e-01 1.000000000000000000e+00
4.527173542333440270e-01 4.430133298440405154e-01 1.000000000000000000e+00
4.234441583112825702e-01 4.340783948506815038e-01 1.000000000000000000e+00
5.080060372819683590e-01 2.784654246959562540e-01 1.000000000000000000e+00
5.365572358710765100e-01 5.559275422083719276e-01 1.000000000000000000e+00
7.263044494740301671e-01 4.494983058237569939e-01 1.000000000000000000e+00
3.602161123360405615e-01 4.788063960983987011e-01 1.000000000000000000e+00
4.753365653749687114e-01 6.195864140585378710e-01 1.000000000000000000e+00
4.424906314105332417e-01 4.871492237186495489e-01 1.000000000000000000e+00
2.231948077556701326e-01 3.978139698633719190e-01 1.000000000000000000e+00
4.809754189626609944e-01 5.255164577999035247e-01 1.000000000000000000e+00
3.707010495795263760e-01 3.053117280491000063e-01 1.000000000000000000e+00
5.436826934342630091e-01 5.206839403552550039e-01 1.000000000000000000e+00
2.384204981412984259e-01 4.563602798316213627e-01 0.000000000000000000e+00
2.142445074729360521e-01 2.062240071642971462e-01 0.000000000000000000e+00
3.340961715528962261e-01 3.319493777255794753e-01 0.000000000000000000e+00
4.240439866057330032e-01 1.794733780241562493e-01 0.000000000000000000e+00
2.245693220166564419e-01 2.999415320261422657e-01 0.000000000000000000e+00
2.498107126538454403e-01 2.511644308122507052e-01 0.000000000000000000e+00
4.182457999740982202e-01 3.412482346610950512e-01 0.000000000000000000e+00
5.214854030039408617e-01 4.816958847840285274e-01 0.000000000000000000e+00
3.085531345242282231e-01 3.154078964610964042e-01 0.000000000000000000e+00
3.967066976940493706e-01 4.496517274362611394e-01 0.000000000000000000e+00
1.849016159270965298e-01 3.324669173496950236e-01 0.000000000000000000e+00
2.416025351567865354e-01 4.477312238742600647e-01 0.000000000000000000e+00
2.940548863791631051e-01 2.701023130038256448e-01 0.000000000000000000e+00
3.131810904018368924e-01 1.609695224020901427e-01 0.000000000000000000e+00
2.481430421732355451e-01 2.532867188432076921e-01 0.000000000000000000e+00
1.420509054714217678e-01 3.515068891485096381e-01 0.000000000000000000e+00
0.000000000000000000e+00 1.191528319557204202e-01 0.000000000000000000e+00
1.349389428248060629e-01 2.297045291094370056e-01 0.000000000000000000e+00
2.651439459229722462e-01 1.762694685808648964e-01 0.000000000000000000e+00
3.157293070037596738e-01 2.176019697382829410e-01 0.000000000000000000e+00
2.697281728399406608e-01 4.323981013061096168e-01 0.000000000000000000e+00
2.899459605263142170e-01 4.168966807898877303e-01 0.000000000000000000e+00
1.665923737244066061e-01 1.748619510746235173e-01 0.000000000000000000e+00
4.843924345767876560e-01 5.318741049487299977e-01 0.000000000000000000e+00
2.893723953863807652e-01 5.417012246205145098e-01 0.000000000000000000e+00
3.040204671616065779e-01 1.784461057746715984e-01 0.000000000000000000e+00
3.148139907726473785e-01 1.758679162383088024e-01 0.000000000000000000e+00
1.693995896822308445e-01 1.679077499462595102e-01 0.000000000000000000e+00
3.565178965683035717e-01 3.920455576968229772e-01 0.000000000000000000e+00
2.783998459057019925e-01 1.694890991659665225e-01 0.000000000000000000e+00
1.354491634317361026e-01 4.840605808455507308e-02 0.000000000000000000e+00
1.648397059881841209e-01 2.080521578701000074e-01 0.000000000000000000e+00
5.659233784237902576e-01 3.266272053931070229e-01 0.000000000000000000e+00
5.187150684945872614e-01 2.736166367916255671e-01 0.000000000000000000e+00
3.527475413306284668e-01 3.341219927595732164e-01 0.000000000000000000e+00
4.191074153429878990e-01 3.414547223378174290e-01 0.000000000000000000e+00
3.853075543012317583e-01 2.523490306138127526e-01 0.000000000000000000e+00
2.987630779385868629e-01 3.087345402531402327e-01 0.000000000000000000e+00
2.427269603743934245e-01 2.770327261868530400e-01 0.000000000000000000e+00
3.557555160356185020e-01 2.422814584683160299e-01 0.000000000000000000e+00
7.653915439264630249e-02 3.105334740121654113e-01 0.000000000000000000e+00
1.189557212040255746e-01 1.676551704946075694e-01 0.000000000000000000e+00
3.114990825398891716e-01 2.314410713719019241e-01 0.000000000000000000e+00
2.047388774472310713e-01 3.069783356805969587e-01 0.000000000000000000e+00
3.037972293294857740e-01 3.850974302126681792e-01 0.000000000000000000e+00
4.844724781414164738e-01 2.827925723579078898e-01 0.000000000000000000e+00
1.071070111962433014e-01 2.301838975779350038e-01 0.000000000000000000e+00
3.065015832939487206e-01 4.733583907854391204e-01 0.000000000000000000e+00
3.233534591528424151e-01 1.748737083437909290e-01 0.000000000000000000e+00
1.753402868121307911e-01 3.664462595786672217e-01 0.000000000000000000e+00
2.745731774118440605e-01 3.272901589698288261e-01 0.000000000000000000e+00
2.005536203922898830e-01 3.962809373888181996e-01 0.000000000000000000e+00
3.604170293334350572e-01 3.214651177284817973e-01 0.000000000000000000e+00
3.361385776026676875e-01 5.688090156832789068e-01 0.000000000000000000e+00
2.519963777206545852e-01 3.226916519836358632e-01 0.000000000000000000e+00
3.547140973406979203e-01 3.724338688714339263e-01 0.000000000000000000e+00
4.418005119363308530e-01 1.795342392519285735e-01 0.000000000000000000e+00
8.551790396365348268e-02 3.318066012648285268e-01 0.000000000000000000e+00
2.555153680021778895e-01 3.121014732849841655e-01 0.000000000000000000e+00
2.005821367871758742e-01 3.286156279367893340e-01 0.000000000000000000e+00
3.298726873053343667e-01 3.291277823738693042e-01 0.000000000000000000e+00
3.250573255723352983e-01 3.158968956624367830e-01 0.000000000000000000e+00
1.529661882931924177e-01 3.959930000130490457e-01 0.000000000000000000e+00
2.331535857236094744e-01 3.025670165214403018e-01 0.000000000000000000e+00
4.270718474873886894e-01 1.347576093816680032e-01 0.000000000000000000e+00
3.302706471625164175e-01 2.989796347583354996e-01 0.000000000000000000e+00
3.452570912101723954e-01 2.106878594996886289e-01 0.000000000000000000e+00
3.609911474376353846e-01 2.790056267701304105e-01 0.000000000000000000e+00
3.386572464065250032e-01 4.060486020284516107e-01 0.000000000000000000e+00
2.645267561928282274e-01 3.344775461953962692e-01 0.000000000000000000e+00
4.191892194977570596e-01 3.765315390419930464e-01 0.000000000000000000e+00
3.683696593946091946e-01 6.780915387122209148e-02 0.000000000000000000e+00
2.712306314054402367e-01 3.056520647513134015e-01 0.000000000000000000e+00
1.192406850001782731e-01 2.080118681750743326e-01 0.000000000000000000e+00
3.644608400205529009e-01 1.957294624549670570e-01 0.000000000000000000e+00
3.887930363276138057e-01 3.471128359577451694e-01 0.000000000000000000e+00
3.034584389029152951e-01 3.946121453268663370e-01 0.000000000000000000e+00
2.970945685653611501e-01 2.903112492776102060e-01 0.000000000000000000e+00
1.196305445451982669e-01 2.562923427235400120e-01 0.000000000000000000e+00
2.661355578432018087e-01 3.983663235062012697e-01 0.000000000000000000e+00
2.643597232815466103e-01 3.676598326292216945e-01 0.000000000000000000e+00
3.671019278182260370e-01 2.908624652694453139e-01 0.000000000000000000e+00
2.508361117854538969e-01 3.566098853310603611e-01 0.000000000000000000e+00
3.958420191136174937e-01 4.061733981578887209e-01 0.000000000000000000e+00
3.654808019961491294e-01 1.817647310172369746e-01 0.000000000000000000e+00
4.207319298411896225e-01 4.121037311249592938e-01 0.000000000000000000e+00
2.574507373190636494e-01 3.838004235179665602e-01 0.000000000000000000e+00
5.367650000874376603e-01 3.077596725355880025e-01 0.000000000000000000e+00
2.118173115886050339e-01 2.186542598307226748e-01 0.000000000000000000e+00
3.754558695416067016e-01 3.247292899275894817e-01 0.000000000000000000e+00
3.273643723693848706e-01 6.290235382672795250e-01 0.000000000000000000e+00
4.227859579817712654e-01 2.781835680759418561e-01 0.000000000000000000e+00
2.599564296287709131e-01 3.919001803621762758e-01 0.000000000000000000e+00
2.785526660169649338e-01 2.882532502237022398e-01 0.000000000000000000e+00
3.031914402834232636e-01 1.390589845482702869e-01 0.000000000000000000e+00
1.821585413263067665e-01 2.599508953595801586e-01 0.000000000000000000e+00
3.981166215230828587e-01 2.143032636400134527e-01 0.000000000000000000e+00
1.800300097684831846e-01 3.212516714165448151e-01 0.000000000000000000e+00
3.444372845593920984e-01 3.512494646649243490e-01 0.000000000000000000e+00
2.545910840211961235e-01 3.589325000896521622e-01 0.000000000000000000e+00
5.392324191329060934e-01 1.992923207589981094e-01 0.000000000000000000e+00
2.083841465301786156e-01 2.222675215716667929e-01 0.000000000000000000e+00
3.673022212843782830e-01 4.279323326516277781e-01 0.000000000000000000e+00
3.122613240578978600e-01 4.922876072543599935e-01 0.000000000000000000e+00
4.802568634691943839e-01 2.554864607499070517e-01 0.000000000000000000e+00
1.303366707398737612e-01 4.180544476074985472e-01 0.000000000000000000e+00
3.948701073423773744e-01 5.177505648676676842e-01 0.000000000000000000e+00
7.732781373886081500e-02 7.689302259406273488e-02 0.000000000000000000e+00
4.586632824942639686e-01 3.931198579369290513e-01 0.000000000000000000e+00
3.942908739217204639e-01 3.350511397408903469e-01 0.000000000000000000e+00
2.991991910328111737e-01 3.363382591737422156e-01 0.000000000000000000e+00
1.620157546756474110e-01 1.655379616337735726e-01 0.000000000000000000e+00
1.653915838188828868e-01 2.889056673617357296e-01 0.000000000000000000e+00
3.090728005095860764e-01 1.980811045953084493e-01 0.000000000000000000e+00
2.500403109216320363e-01 3.009425297925281684e-01 0.000000000000000000e+00
2.446859977526333885e-01 7.922154761186246674e-02 0.000000000000000000e+00
4.173250010661909704e-01 3.234940743145836572e-01 0.000000000000000000e+00
3.530345828404216624e-01 4.254277508986915590e-01 0.000000000000000000e+00
4.400187620301556080e-01 1.929134873238494696e-01 0.000000000000000000e+00
1.726235575629875285e-01 3.226691286452795793e-01 0.000000000000000000e+00
4.432519538109018220e-01 3.806195042158293518e-01 0.000000000000000000e+00
1.950459950741608717e-01 2.517804493930284049e-01 0.000000000000000000e+00
3.638257640874328347e-01 2.249132626196302942e-01 0.000000000000000000e+00
4.435893899154744191e-01 3.655329650234282468e-01 0.000000000000000000e+00
2.652354345466833574e-01 1.454221484532841613e-01 0.000000000000000000e+00
2.296346491892607700e-01 3.353302881610177311e-01 0.000000000000000000e+00
4.447144090681097728e-01 3.494055299918706892e-01 0.000000000000000000e+00
