3.299956088854117953e-01 6.418537394668610840e-01 2.000000000000000000e+00
6.311755793373075019e-01 5.924209935118642800e-01 2.000000000000000000e+00
4.097144260076531208e-01 5.676638156940121416e-01 2.000000000000000000e+00
5.697091070675941449e-01 5.317738732337410346e-01 2.000000000000000000e+00
3.872756200654057790e-01 5.514521939956459340e-01 2.000000000000000000e+00
5.511616965709391636e-01 6.422079849792271533e-01 2.000000000000000000e+00
3.848268428008144171e-01 6.192244662924277776e-01 2.000000000000000000e+00
4.015097442246716719e-01 5.646418723502727444e-01 2.000000000000000000e+00
4.863588337876990075e-01 6.568747005840115394e-01 2.000000000000000000e+00
5.058848096407925210e-01 4.853015171904144776e-01 2.000000000000000000e+00
6.045783879601804855e-01 7.272900228416644408e-01 2.000000000000000000e+00
4.871771721518502463e-01 6.741992035868739075e-01 2.000000000000000000e+00
5.887891793517163741e-01 6.347264422125500349e-01 2.000000000000000000e+00
5.569333042081169305e-01 8.119482177157404390e-01 2.000000000000000000e+00
5.232964065660049569e-01 5.227444080591860942e-01 2.000000000000000000e+00
4.731471263952481410e-01 6.459940133391731676e-01 2.000000000000000000e+00
4.511067850716461991e-01 5.559210741926474686e-01 2.000000000000000000e+00
4.557719120093666199e-01 6.878832465552731090e-01 2.000000000000000000e+00
4.633305705359991866e-01 7.085993305836384426e-01 2.000000000000000000e+00
6.109385376889834296e-01 6.312436386045767733e-01 2.000000000000000000e+00
5.308278133602343241e-01 6.044887442385583620e-01 2.000000000000000000e+00
4.566171730309038779e-01 7.102608207329093037e-01 2.000000000000000000e+00
4.177840700954575381e-01 5.199310430971679775e-01 2.000000000000000000e+00
5.999933181879202326e-01 6.071929575879283503e-01 2.000000000000000000e+00
6.467591697667262052e-01 7.536680275765192949e-01 2.000000000000000000e+00
4.698682574871015927e-01 5.334956389844779379e-01 2.000000000000000000e+00
4.808543070632625427e-01 6.839673299078008473e-01 2.000000000000000000e+00
4.338916085605925010e-01 3.613702494523226560e-01 2.000000000000000000e+00
3.256793954928269841e-01 6.836510706995324593e-01 2.000000000000000000e+00
5.730026362786146965e-01 6.371392045790742475e-01 2.000000000000000000e+00
5.928932735558812839e-01 7.965044871072658461e-01 2.000000000000000000e+00
2.559923791815987282e-01 7.770212074276037217e-01 2.000000000000000000e+00
3.077451933643200466e-01 6.352565651963647531e-01 2.000000000000000000e+00
4.412153840007363992e-01 7.471769657859562708e-01 2.000000000000000000e+00
4.997379382005049941e-01 7.211377407094980985e-01 2.000000000000000000e+00
5.720791944405584362e-01 5.738172124620862791e-01 2.000000000000000000e+00
4.991752891143342308e-01 7.116634939003503302e-01 2.000000000000000000e+00
6.553062027020984948e-01 6.636904631622770889e-01 2.000000000000000000e+00
2.545791490738693597e-01 6.798407526626613073e-01 2.000000000000000000e+00
5.291216326761666311e-01 5.705421598994817600e-01 2.000000000000000000e+00
5.468328022355529727e-01 7.006006110082035887e-01 2.000000000000000000e+00
4.855857719828482466e-01 6.350213659105558017e-01 2.000000000000000000e+00
4.077225385327050700e-01 5.212558855818564263e-01 2.000000000000000000e+00
4.470857749607500820e-01 6.515393611960078601e-01 2.000000000000000000e+00
4.060136163287633715e-01 7.981128810968749487e-01 2.000000000000000000e+00
4.404623605557460575e-01 6.293234780185170685e-01 2.000000000000000000e+00
6.988180903686939116e-01 8.251027914099881011e-01 2.000000000000000000e+00
3.458905770552426762e-01 4.608577985016858447e-01 2.000000000000000000e+00
4.157671538241301534e-01 6.512245810811556623e-01 2.000000000000000000e+00
3.222684489416279829e-01 7.130814645337781865e-01 2.000000000000000000e+00
4.118408252398175207e-01 6.172175855872272798e-01 2.000000000000000000e+00
5.792429099904408130e-01 7.056704151897890132e-01 2.000000000000000000e+00
4.476064794264520974e-01 6.827521129182028137e-01 2.000000000000000000e+00
4.454565088781452520e-01 7.185901792755771123e-01 2.000000000000000000e+00
4.138187030272115763e-01 5.163817208575876005e-01 2.000000000000000000e+00
4.281596640671386789e-01 7.508415943753076194e-01 2.000000000000000000e+00
4.921844088917670668e-01 6.544386143960750912e-01 2.000000000000000000e+00
4.310611257984759415e-01 8.385422278080838510e-01 2.000000000000000000e+00
4.294767605524464904e-01 6.500529106125517709e-01 2.000000000000000000e+00
7.543798595240878146e-01 8.283567918601828506e-01 2.000000000000000000e+00
5.759259233630714681e-01 7.395507653780927226e-01 2.000000000000000000e+00
8.546917694566532608e-01 1.000000000000000000e+00 2.000000000000000000e+00
3.595886367790023797e-01 7.366737146639503742e-01 2.000000000000000000e+00
6.442477074186437891e-01 7.580978239376500172e-01 2.000000000000000000e+00
5.654271793032665805e-01 6.622202858873965647e-01 2.000000000000000000e+00
5.138093612070582239e-01 7.066919583862708576e-01 2.000000000000000000e+00
3.901354386016220310e-01 4.569307831914858342e-01 2.000000000000000000e+00
6.584899295622255178e-01 8.245838231791582373e-01 2.000000000000000000e+00
4.447044118433527427e-01 6.192254871605524791e-01 2.000000000000000000e+00
2.960592425750693257e-01 7.327776515632552501e-01 2.000000000000000000e+00
3.748263780522438915e-01 6.008480965942759600e-01 2.000000000000000000e+00
4.582601308624389413e-01 7.446728374925045690e-01 2.000000000000000000e+00
5.541126473138007213e-01 5.843018306741623036e-01 2.000000000000000000e+00
6.495612553934843048e-01 5.822049092710571694e-01 2.000000000000000000e+00
5.830993705693802154e-01 7.234871894842398454e-01 2.000000000000000000e+00
6.699066507769008139e-01 7.394962066521266753e-01 2.000000000000000000e+00
6.206699245569340384e-01 6.539759652141601265e-01 2.000000000000000000e+00
4.922739101180336196e-01 7.016442516185017464e-01 2.000000000000000000e+00
6.381303703849471320e-01 7.975256371936928490e-01 2.000000000000000000e+00
4.920594228242352597e-01 6.480576840093789093e-01 2.000000000000000000e+00
3.405212046678556814e-01 4.526204341174123180e-01 2.000000000000000000e+00
4.692661235743743053e-01 6.518053207784437753e-01 2.000000000000000000e+00
4.943029134087754684e-01 6.335706383539241315e-01 2.000000000000000000e+00
3.473900608519847055e-01 7.833090753134219764e-01 2.000000000000000000e+00
5.082036710346178321e-01 7.249388187608981626e-01 2.000000000000000000e+00
5.290368716251011572e-01 7.377649558070894509e-01 2.000000000000000000e+00
5.131997773107142002e-01 6.051090987231926288e-01 2.000000000000000000e+00
6.797848329154903002e-01 6.906473327820841224e-01 2.000000000000000000e+00
5.998577307782173573e-01 9.931640493820471649e-01 2.000000000000000000e+00
5.891539551760701654e-01 8.205737520128210116e-01 2.000000000000000000e+00
5.605360444954404775e-01 5.685738254224619315e-01 2.000000000000000000e+00
5.034338383105521064e-01 5.934168435737460223e-01 2.000000000000000000e+00
4.866914679568481450e-01 5.615245484513405883e-01 2.000000000000000000e+00
5.768808905686493294e-01 6.880780132168845542e-01 2.000000000000000000e+00
4.812907629117814667e-01 5.343040014907201041e-01 2.000000000000000000e+00
5.911469330785246168e-01 5.518522123762239495e-01 2.000000000000000000e+00
5.495819896483713496e-01 8.082979171244722982e-01 2.000000000000000000e+00
5.029699451300089219e-01 5.487141522872074351e-01 2.000000000000000000e+00
5.376518931495779530e-01 7.836674288669117638e-01 2.000000000000000000e+00
7.200863114961603140e-01 6.543515329314909534e-01 2.000000000000000000e+00
5.212568590791333278e-01 4.537147558811958081e-01 2.000000000000000000e+00
5.081086268933170391e-01 7.609211110175906345e-01 2.000000000000000000e+00
4.904148389262211749e-01 7.772965463483221260e-01 2.000000000000000000e+00
4.013694290787965802e-01 7.233290434141604885e-01 2.000000000000000000e+00
5.209387005828977069e-01 5.964847205057655088e-01 2.000000000000000000e+00
4.757431086084334959e-01 6.482093039754466268e-01 2.000000000000000000e+00
6.758445298653745770e-01 5.504759154860172643e-01 2.000000000000000000e+00
3.696700470101681457e-01 5.068756036778510055e-01 2.000000000000000000e+00
4.461449916199370369e-01 9.389917674551471194e-01 2.000000000000000000e+00
4.275533772969221102e-01 6.888050317368459297e-01 2.000000000000000000e+00
6.317833408835292763e-01 6.252175608730319301e-01 2.000000000000000000e+00
5.266471350249820604e-01 6.320804876482158940e-01 2.000000000000000000e+00
4.602436891212136616e-01 6.750155949896273766e-01 2.000000000000000000e+00
6.337943883073301476e-01 6.273998708985832895e-01 2.000000000000000000e+00
6.042794389761256824e-01 8.459994127102722361e-01 2.000000000000000000e+00
6.044745304809699959e-01 7.996688522694153090e-01 2.000000000000000000e+00
5.523638921678354352e-01 6.613629414248904936e-01 2.000000000000000000e+00
5.022802304756927017e-01 6.437820581086582949e-01 2.000000000000000000e+00
4.097475704542722363e-01 7.343541240042519291e-01 2.000000000000000000e+00
5.476340304663999126e-01 5.572595373095473592e-01 2.000000000000000000e+00
3.904307505162059599e-01 6.493711125269628903e-01 2.000000000000000000e+00
4.341270965847815466e-01 7.099940984374660813e-01 2.000000000000000000e+00
6.014762669611369850e-01 8.091121728141732472e-01 2.000000000000000000e+00
5.617253721563342239e-01 5.180245321033077888e-01 2.000000000000000000e+00
5.727064354403194057e-01 8.330677475540699817e-01 2.000000000000000000e+00
4.535906262280406942e-01 7.646017239952757061e-01 2.000000000000000000e+00
5.057671023824130696e-01 5.561911190075800038e-01 2.000000000000000000e+00
5.527446571126362063e-01 5.873456642857137755e-01 2.000000000000000000e+00
3.470998205271059178e-01 6.693964921321600148e-01 2.000000000000000000e+00
5.331039490137076120e-01 5.823497393974370606e-01 2.000000000000000000e+00
5.062974232223259596e-01 7.656999120000220760e-01 2.000000000000000000e+00
4.439077479132176318e-01 8.165566870210897443e-01 2.000000000000000000e+00
5.016108934920727735e-01 5.805439318985337049e-01 2.000000000000000000e+00
4.951254339239678504e-01 5.795452491149776231e-01 2.000000000000000000e+00
3.960495061217515489e-01 6.605072293353457802e-01 2.000000000000000000e+00
5.618947359449096846e-01 5.317162254896338203e-01 2.000000000000000000e+00
4.255233012236090961e-01 6.529935464225373742e-01 2.000000000000000000e+00
3.749026537504713263e-01 6.651996175317923532e-01 2.000000000000000000e+00
5.203197014109700591e-01 7.540512319352317139e-01 2.000000000000000000e+00
4.167552936218433812e-01 8.056682440997732231e-01 2.000000000000000000e+00
4.624981058786736265e-01 4.918355182790811742e-01 2.000000000000000000e+00
4.545657717466156100e-01 5.340944362922794841e-01 2.000000000000000000e+00
5.667095927921931287e-01 7.957980628540830548e-01 2.000000000000000000e+00
2.642276256649237487e-01 5.570694237645302804e-01 2.000000000000000000e+00
4.582701228818742978e-01 6.360597228359442523e-01 2.000000000000000000e+00
4.974902343681170680e-01 7.053166373110475451e-01 2.000000000000000000e+00
5.521156859222420277e-01 7.411442448070466593e-01 2.000000000000000000e+00
5.250697260603771621e-01 6.332516267038377222e-01 2.000000000000000000e+00
3.313009245891584964e-01 7.538462916214379028e-01 2.000000000000000000e+00
5.481846302101485158e-01 5.102872237379140197e-01 2.000000000000000000e+00
5.355194008588222143e-01 7.304330441347993697e-01 2.000000000000000000e+00
6.064886349228728601e-01 6.754835502317318996e-01 2.000000000000000000e+00
6.967466025733625168e-01 7.123939274991381021e-01 2.000000000000000000e+00
5.153042668069656163e-01 7.757047169957757005e-01 2.000000000000000000e+00
6.258185688636415112e-01 8.411342468202672729e-01 2.000000000000000000e+00
4.399912516001767693e-01 7.432780277905726152e-01 2.000000000000000000e+00
6.431865886245685671e-01 5.711695242677207185e-01 2.000000000000000000e+00
5.926697060325697430e-01 5.322814117890498631e-01 2.000000000000000000e+00
5.208890650542024048e-01 7.553082815940899142e-01 2.000000000000000000e+00
5.465211964474002704e-01 6.678690655682306687e-01 2.000000000000000000e+00
4.443766658833305794e-01 7.037803799775322888e-01 2.000000000000000000e+00
5.775785018311397900e-01 8.101699855179869125e-01 2.000000000000000000e+00
6.498434389748697360e-01 3.184784473874279764e-01 2.000000000000000000e+00
5.398161309960971543e-01 8.020075975484812769e-01 2.000000000000000000e+00
5.321182833588080641e-01 7.547465762158791502e-01 2.000000000000000000e+00
5.123754004291560804e-01 6.722193579651075668e-01 2.000000000000000000e+00
4.400259770642336865e-01 6.395683799029119321e-01 2.000000000000000000e+00
5.000170161647027323e-01 5.894225742121209644e-01 2.000000000000000000e+00
4.066441639444355327e-01 4.828723087104437317e-01 2.000000000000000000e+00
6.208971240123020152e-01 6.681808562072339974e-01 2.000000000000000000e+00
5.005087424990795064e-01 5.764839385810229810e-01 2.000000000000000000e+00
4.227701471067729644e-01 6.960572633982772262e-01 2.000000000000000000e+00
5.019452530647930955e-01 6.978548178317760531e-01 2.000000000000000000e+00
4.922192754471139131e-01 6.947223428725441963e-01 2.000000000000000000e+00
6.227031628866896984e-01 5.795429689594069345e-01 2.000000000000000000e+00
5.783246908124061170e-01 7.531368780916247729e-01 2.000000000000000000e+00
4.645319087447375983e-01 5.675230556684761618e-01 2.000000000000000000e+00
4.866559445648837579e-01 7.254130478838549667e-01 2.000000000000000000e+00
6.301422683416726400e-01 5.400301280809626236e-01 2.000000000000000000e+00
4.281394715854762167e-01 8.550637263383665809e-01 2.000000000000000000e+00
6.355232120929784623e-01 6.218461351028558015e-01 2.000000000000000000e+00
6.599343542309262789e-01 8.392906254916956410e-01 2.000000000000000000e+00
3.969044606169243039e-01 6.690032802187058092e-01 2.000000000000000000e+00
4.281891378588598140e-01 6.950578130201927607e-01 2.000000000000000000e+00
5.785063530580590863e-01 6.574055060318598764e-01 2.000000000000000000e+00
6.291893069236089708e-01 5.355908578575749868e-01 2.000000000000000000e+00
5.443289412536267413e-01 6.241383616261951817e-01 2.000000000000000000e+00
4.618849778268905304e-01 6.135936890994749815e-01 2.000000000000000000e+00
4.116936351880453038e-01 6.145192404550868792e-01 2.000000000000000000e+00
5.880106171414619665e-01 6.659507426596015245e-01 2.000000000000000000e+00
4.778866965177210324e-01 6.994472236214948069e-01 2.000000000000000000e+00
5.887168115907530641e-01 7.220930373463249063e-01 2.000000000000000000e+00
5.664353645388652270e-01 5.790240453628724415e-01 2.000000000000000000e+00
5.027092767508763993e-01 5.927601451410257072e-01 2.000000000000000000e+00
6.111147517762790526e-01 6.649321147805161702e-01 2.000000000000000000e+00
5.645047466893837740e-01 5.692085683209258118e-01 2.000000000000000000e+00
5.068886128120841938e-01 7.151642904336928952e-01 2.000000000000000000e+00
5.083380422332032245e-01 8.288686232680391175e-01 2.000000000000000000e+00
4.897676816180668857e-01 6.471527356500219597e-01 2.000000000000000000e+00
3.216226821599854069e-01 5.677951918225198069e-01 2.000000000000000000e+00
5.786588625376779538e-01 5.369309451696175906e-01 2.000000000000000000e+00
7.047572105923874952e-01 6.605066275825548505e-01 2.000000000000000000e+00
5.861694437539166636e-01 5.173796853154483122e-01 2.000000000000000000e+00
4.874546000389782252e-01 7.831721147659284066e-01 2.000000000000000000e+00
4.641149942215101465e-01 6.763702356137701877e-01 2.000000000000000000e+00
5.640688677471631385e-01 6.890531438838088940e-01 2.000000000000000000e+00
5.826063758677982873e-01 6.579408946298417327e-01 2.000000000000000000e+00
5.226160255591162374e-01 6.268328330411870875e-01 2.000000000000000000e+00
2.882418696009351189e-01 6.315138422725588008e-01 2.000000000000000000e+00
2.507828766718052660e-01 6.346737330085485684e-01 2.000000000000000000e+00
5.841626220735686159e-01 7.512266540689133132e-01 2.000000000000000000e+00
5.051844157619775899e-01 5.969412373371264513e-01 2.000000000000000000e+00
3.485342909788187171e-01 7.168685113284227750e-01 2.000000000000000000e+00
6.181279115138589297e-01 6.678281669755040673e-01 2.000000000000000000e+00
2.936466702775375470e-01 6.107830108625268428e-01 2.000000000000000000e+00
4.154263812809222411e-01 5.956680089829189395e-01 2.000000000000000000e+00
5.066454828645220454e-01 4.709749731293191854e-01 2.000000000000000000e+00
7.087783540234694479e-01 8.264423550088187964e-01 2.000000000000000000e+00
3.683028458906029146e-01 7.780587231158622163e-01 2.000000000000000000e+00
6.324372604763883743e-01 7.617781604336740786e-01 2.000000000000000000e+00
6.243560966437644577e-01 7.092119186513563545e-01 2.000000000000000000e+00
4.189369047515384414e-01 5.342888921866384422e-01 2.000000000000000000e+00
5.503705739762455584e-01 8.036541880808411031e-01 2.000000000000000000e+00
4.279209900849955117e-01 5.147894927664163900e-01 2.000000000000000000e+00
5.030551762442772024e-01 9.038637327820959744e-01 2.000000000000000000e+00
3.503597637550063260e-01 6.869178341973587454e-01 2.000000000000000000e+00
6.746979251327761551e-01 8.119639694645102157e-01 2.000000000000000000e+00
4.691151643335457200e-01 6.453981424315403670e-01 2.000000000000000000e+00
3.821929832146919725e-01 7.008544768988620444e-01 2.000000000000000000e+00
4.707847390567301282e-01 7.844776106236144297e-01 2.000000000000000000e+00
2.419930965256771871e-01 6.402449745176942431e-01 2.000000000000000000e+00
5.278014558818353574e-01 6.658177682226069649e-01 2.000000000000000000e+00
3.903722937200475029e-01 6.110393449939106603e-01 2.000000000000000000e+00
3.835543490549020440e-01 5.949764901469820622e-01 2.000000000000000000e+00
5.776370270329074241e-01 7.871921327310391625e-01 2.000000000000000000e+00
4.723019662282505471e-01 6.098908107370665244e-01 2.000000000000000000e+00
4.065904652632631455e-01 5.133264367268728368e-01 2.000000000000000000e+00
4.913781103665115779e-01 7.361374140624510343e-01 2.000000000000000000e+00
5.593155526159558910e-01 5.990148071758768511e-01 2.000000000000000000e+00
6.478246560274196764e-01 7.620512479876822010e-01 2.000000000000000000e+00
5.294649239228430559e-01 6.769742828745977103e-01 2.000000000000000000e+00
5.072240081811770773e-01 6.203377603800993567e-01 2.000000000000000000e+00
4.809867508797479596e-01 4.413735474363419953e-01 2.000000000000000000e+00
4.105634805238668750e-01 8.038423504503608985e-01 2.000000000000000000e+00
4.696227288640699160e-01 6.300972834741026540e-01 2.000000000000000000e+00
4.097169708428872181e-01 5.875576259133400425e-01 2.000000000000000000e+00
4.591917979100447744e-01 7.559356840226122420e-01 2.000000000000000000e+00
2.913760252217577063e-01 5.600024480923263548e-01 2.000000000000000000e+00
5.924050407072412039e-01 6.993002850941398840e-01 2.000000000000000000e+00
6.015208446326166802e-01 7.028014362275674110e-01 2.000000000000000000e+00
3.669290335969981331e-01 6.453224066057352548e-01 2.000000000000000000e+00
5.032442778019341478e-01 6.044984823043358935e-01 2.000000000000000000e+00
5.555209551225793740e-01 8.028596359704757157e-01 2.000000000000000000e+00
6.094825271189313609e-01 8.592166330611386016e-01 2.000000000000000000e+00
3.278636514410814273e-01 7.535515261182612612e-01 2.000000000000000000e+00
5.768082755029246833e-01 7.225308548721586233e-01 2.000000000000000000e+00
5.177413783659322588e-01 7.648999001851266577e-01 2.000000000000000000e+00
5.291422395316122129e-01 6.002213732499183108e-01 2.000000000000000000e+00
5.068652419557237998e-01 8.003687558549221759e-01 2.000000000000000000e+00
6.533787985487482519e-01 6.386694053584421882e-01 2.000000000000000000e+00
5.787437955416024904e-01 7.885009741717160514e-01 2.000000000000000000e+00
6.870181352081623505e-01 7.141224067752299787e-01 2.000000000000000000e+00
5.971781277245133968e-01 6.500482536880505258e-01 2.000000000000000000e+00
6.076271537153339342e-01 8.535261117420743782e-01 2.000000000000000000e+00
4.198687609482658623e-01 5.112897390132752351e-01 2.000000000000000000e+00
5.085658982725360655e-01 5.634970719412181195e-01 2.000000000000000000e+00
6.033413425196252344e-01 7.677821569229210663e-01 2.000000000000000000e+00
5.947514745766268041e-01 7.738166889446982388e-01 2.000000000000000000e+00
4.345129642988035390e-01 5.490147269134068031e-01 2.000000000000000000e+00
7.071798488776646074e-01 6.894278243815626928e-01 2.000000000000000000e+00
6.371640122966057973e-01 6.557517180729194317e-01 2.000000000000000000e+00
5.287936942422672981e-01 8.203256453493528166e-01 2.000000000000000000e+00
5.679794546917309450e-01 5.772859357268302904e-01 2.000000000000000000e+00
6.810061656818501286e-01 4.294609983627545868e-01 2.000000000000000000e+00
5.110888932479499269e-01 7.533671114664783897e-01 2.000000000000000000e+00
4.924165602532351582e-01 7.279493516372935735e-01 2.000000000000000000e+00
4.169467343842649387e-01 5.739210588035527083e-01 2.000000000000000000e+00
3.947206238416181567e-01 5.974428418223798332e-01 2.000000000000000000e+00
5.758516693912483220e-01 5.827365013398013716e-01 2.000000000000000000e+00
5.898812637541401838e-01 8.184558055891359984e-01 2.000000000000000000e+00
4.592750606096829835e-01 7.806125388521452102e-01 2.000000000000000000e+00
5.381391568363388389e-01 6.250521610448080967e-01 2.000000000000000000e+00
5.875800274150840830e-01 5.211666785498965115e-01 2.000000000000000000e+00
1.870077928918232602e-01 6.300989758733639423e-01 2.000000000000000000e+00
5.876770787752615410e-01 6.038063414554003527e-01 2.000000000000000000e+00
5.005106520081665789e-01 7.370219305960131750e-01 2.000000000000000000e+00
5.820569929258149200e-01 8.316572646558670900e-01 2.000000000000000000e+00
1.798670393697562320e-01 6.533291945038650628e-01 2.000000000000000000e+00
5.725651460341644183e-01 6.483263476076757126e-01 2.000000000000000000e+00
5.451279662668655490e-01 7.104575930589226429e-01 2.000000000000000000e+00
5.784067427121735161e-01 6.540113248515114774e-01 2.000000000000000000e+00
3.528026984828968593e-01 5.459775707814780166e-01 2.000000000000000000e+00
5.931273632408576857e-01 5.372903585037088758e-01 2.000000000000000000e+00
5.430664443633785865e-01 4.034760098051164423e-01 2.000000000000000000e+00
4.487203989855617636e-01 5.756888684548822077e-01 2.000000000000000000e+00
5.046278362240654847e-01 6.522137436078310202e-01 2.000000000000000000e+00
6.399590010901076154e-01 7.983008895087421175e-01 2.000000000000000000e+00
6.384514706434274434e-01 7.752260163233294366e-01 2.000000000000000000e+00
5.875112622422404840e-01 7.478676496275279417e-01 2.000000000000000000e+00
6.611094667762804633e-01 6.976541152776325472e-01 2.000000000000000000e+00
6.376691692209859319e-01 5.600319270245551762e-01 2.000000000000000000e+00
3.598833631265916932e-01 6.235253247474530358e-01 2.000000000000000000e+00
4.821166126962945775e-01 8.943545107827719498e-01 2.000000000000000000e+00
4.902720211307338705e-01 5.662700276670969979e-01 2.000000000000000000e+00
5.507848183889770821e-01 7.859012515110209707e-01 2.000000000000000000e+00
5.834212353195018519e-01 7.019899180084548940e-01 2.000000000000000000e+00
6.425859774812251457e-01 8.737480353543903844e-01 2.000000000000000000e+00
3.846414999347543828e-01 7.840029593318459389e-01 2.000000000000000000e+00
4.951291451344767003e-01 6.945048616701573474e-01 2.000000000000000000e+00
5.025508850106363834e-01 5.792892247941121564e-01 2.000000000000000000e+00
6.371192185870662161e-01 6.255746088283705708e-01 2.000000000000000000e+00
5.356471450260147371e-01 7.680660697414278815e-01 2.000000000000000000e+00
4.820905892554420702e-01 6.330327458597312384e-01 2.000000000000000000e+00
5.649988445317755126e-01 7.182453930281583743e-01 2.000000000000000000e+00
4.693029166006072450e-01 5.033972741262081607e-01 2.000000000000000000e+00
3.669832962864281733e-01 7.438658593752460746e-01 2.000000000000000000e+00
6.391753209521143786e-01 7.938969892974586662e-01 2.000000000000000000e+00
6.011940021845821880e-01 7.451508319434430039e-01 2.000000000000000000e+00
3.845702588945708045e-01 6.681340574458558557e-01 2.000000000000000000e+00
6.451774941968372312e-01 6.349629153099316525e-01 2.000000000000000000e+00
5.267958795556819673e-01 5.923090938124134786e-01 2.000000000000000000e+00
4.131156648495160622e-01 7.362432658537019226e-01 2.000000000000000000e+00
4.173113366735173857e-01 4.803952514604020729e-01 2.000000000000000000e+00
4.581115108384732904e-01 6.489758827042723111e-01 2.000000000000000000e+00
5.125216658331755992e-01 5.689869494155266327e-01 2.000000000000000000e+00
4.218147265915527244e-01 6.398931258535019984e-01 2.000000000000000000e+00
6.873174545339726382e-01 7.587686790895823430e-01 2.000000000000000000e+00
2.564469212836877898e-01 5.995435270935078886e-01 2.000000000000000000e+00
3.201524685427428185e-01 5.226821565194058605e-01 2.000000000000000000e+00
3.160645634658112435e-01 7.508793849545901677e-01 2.000000000000000000e+00
5.632471977424992060e-01 5.928637364874119742e-01 2.000000000000000000e+00
4.035626983944816115e-01 6.790900005976001630e-01 2.000000000000000000e+00
6.062945664517778166e-01 4.354567774467621999e-01 2.000000000000000000e+00
4.951092112436629722e-01 5.834410089298731616e-01 2.000000000000000000e+00
4.639218117387297613e-01 4.383619327644137087e-01 2.000000000000000000e+00
5.319121939867740290e-01 7.714814228007884633e-01 2.000000000000000000e+00
5.036740884828246889e-01 7.030889483524364048e-01 2.000000000000000000e+00
4.531109649128928218e-01 7.097939853170991409e-01 2.000000000000000000e+00
4.111730073580142086e-01 9.324225949764949339e-01 2.000000000000000000e+00
5.832180569708574902e-01 6.504802581380214610e-01 2.000000000000000000e+00
5.190474349615203931e-01 7.234656416228740783e-01 2.000000000000000000e+00
3.754625155835292771e-01 3.423768310112841884e-01 2.000000000000000000e+00
5.530516016621886966e-01 8.558731764422015109e-01 2.000000000000000000e+00
3.656635468166047898e-01 6.321909589115402017e-01 2.000000000000000000e+00
4.329442653122971274e-01 6.533452112028023118e-01 2.000000000000000000e+00
4.706054271752254659e-01 6.914964829844417737e-01 2.000000000000000000e+00
4.827775715753679364e-01 5.727893861865066549e-01 2.000000000000000000e+00
4.923806889578756785e-01 6.743491440752008570e-01 2.000000000000000000e+00
7.216904929675350688e-01 6.798828118773047047e-01 2.000000000000000000e+00
5.655506847210898247e-01 7.928398757303448674e-01 2.000000000000000000e+00
5.466214784179832531e-01 7.328960606428075453e-01 2.000000000000000000e+00
4.521131683636762655e-01 6.420868723037842507e-01 2.000000000000000000e+00
3.230855195086270726e-01 5.479790024708283136e-01 2.000000000000000000e+00
6.438862410303054506e-01 6.582683790486365538e-01 2.000000000000000000e+00
5.936783614483982507e-01 3.742309077258927363e-01 2.000000000000000000e+00
4.270063510714081079e-01 6.411871144544513124e-01 2.000000000000000000e+00
5.428225343717214546e-01 5.779065792048128092e-01 2.000000000000000000e+00
4.935285131340619857e-01 6.861291511144335109e-01 2.000000000000000000e+00
3.768296577057120289e-01 6.526844317543989415e-01 2.000000000000000000e+00
2.928350297550283976e-01 5.294815749791855763e-01 2.000000000000000000e+00
5.583538007571313688e-01 6.498319574141623312e-01 2.000000000000000000e+00
4.743919367105723928e-01 6.327669260014343600e-01 2.000000000000000000e+00
5.015456650145130313e-01 4.714731074210532502e-01 2.000000000000000000e+00
7.313058241371476198e-01 6.670264738057729570e-01 2.000000000000000000e+00
3.846104297976037367e-01 6.498517892976420907e-01 2.000000000000000000e+00
3.145659004601099595e-01 6.163711047925225506e-01 2.000000000000000000e+00
5.286511855626262468e-01 5.365928208703985014e-01 2.000000000000000000e+00
7.777800740461628948e-01 5.555187528614218273e-01 2.000000000000000000e+00
3.979556117605813625e-01 6.100561337038390430e-01 2.000000000000000000e+00
5.129805451214128897e-01 7.261343877293771065e-01 2.000000000000000000e+00
5.424140054084519713e-01 6.769813908177565454e-01 2.000000000000000000e+00
5.252945171314368222e-01 5.066512522379831296e-01 2.000000000000000000e+00
3.872233275947267739e-01 5.526346784356960251e-01 2.000000000000000000e+00
5.382518863135390408e-01 5.755126581712254330e-01 2.000000000000000000e+00
6.336145057296425076e-01 6.222614802846866411e-01 2.000000000000000000e+00
5.089339408764889106e-01 6.314709482894480530e-01 2.000000000000000000e+00
5.546262279665526984e-01 7.058879105317734659e-01 2.000000000000000000e+00
5.204587198837696826e-01 5.398527815127237561e-01 2.000000000000000000e+00
3.629315043046857370e-01 5.294389003280678407e-01 2.000000000000000000e+00
5.160168730559913097e-01 5.787294701052483337e-01 2.000000000000000000e+00
5.429488604083193559e-01 5.391243462556779553e-01 2.000000000000000000e+00
3.827550864456336077e-01 5.371385428971376941e-01 2.000000000000000000e+00
6.834531195273771953e-01 6.915654423357356917e-01 2.000000000000000000e+00
5.920156531171436587e-01 5.471550935764576407e-01 2.000000000000000000e+00
5.521848941534603927e-01 6.231987348047403064e-01 2.000000000000000000e+00
6.225051942673812677e-01 7.007121572502085227e-01 2.000000000000000000e+00
3.849276998569164943e-01 7.465690142907950300e-01 2.000000000000000000e+00
3.810613672919034300e-01 5.231048803230500255e-01 2.000000000000000000e+00
4.987275149823492959e-01 5.607185665549113684e-01 2.000000000000000000e+00
7.735530066489254564e-01 8.467771967684950551e-01 2.000000000000000000e+00
5.954847800355635989e-01 5.917077179867265002e-01 2.000000000000000000e+00
5.297700299485749165e-01 5.287558903205511474e-01 2.000000000000000000e+00
6.965544936181286007e-01 7.264699050243501599e-01 2.000000000000000000e+00
5.492103972830021386e-01 6.756493213829302125e-01 2.000000000000000000e+00
4.196078837667470141e-01 7.529290721824862809e-01 2.000000000000000000e+00
5.248997849223261403e-01 5.768074637683863193e-01 2.000000000000000000e+00
6.013350101634341582e-01 8.392072853616850958e-01 2.000000000000000000e+00
3.572844841750160150e-01 7.562351565816836096e-01 2.000000000000000000e+00
4.796029394221402176e-01 7.672735210160621655e-01 2.000000000000000000e+00
4.850236825201238444e-01 8.059472079239384801e-01 2.000000000000000000e+00
6.034514283930104694e-01 7.435777600763562312e-01 2.000000000000000000e+00
6.139183604246950532e-01 5.116677818207143735e-01 2.000000000000000000e+00
3.281337423491889616e-01 6.368787053645029728e-01 2.000000000000000000e+00
5.190087914694877513e-01 6.371660394824971707e-01 2.000000000000000000e+00
3.794253190717792323e-01 6.209464461657411283e-01 2.000000000000000000e+00
5.307687674716754511e-01 6.588560172168503870e-01 2.000000000000000000e+00
4.232788954306995199e-01 4.376043609938150003e-01 2.000000000000000000e+00
4.719693705134819228e-01 4.697628911802099738e-01 2.000000000000000000e+00
5.885781900537367939e-01 7.470662977573087060e-01 2.000000000000000000e+00
4.786674247833930806e-01 6.595328648702974972e-01 2.000000000000000000e+00
6.760710556315280284e-01 3.604123601370595731e-01 2.000000000000000000e+00
3.525762268545438172e-01 5.989917285749012388e-01 2.000000000000000000e+00
5.113064881203707168e-01 5.367808851843131057e-01 2.000000000000000000e+00
4.143146229714939621e-01 6.641331095327417389e-01 2.000000000000000000e+00
5.695663904761751883e-01 7.277756111514654958e-01 2.000000000000000000e+00
6.579349287926014034e-01 6.461684310720102742e-01 2.000000000000000000e+00
6.746565915338852415e-01 7.502629976763787178e-01 2.000000000000000000e+00
6.097921970161752636e-01 7.940813994010325061e-01 2.000000000000000000e+00
4.976300542370952207e-01 5.083829171699726368e-01 2.000000000000000000e+00
3.954137213568421627e-01 7.286853938116445439e-01 2.000000000000000000e+00
6.110882272276213500e-01 8.674065454161368205e-01 2.000000000000000000e+00
4.085338705129597514e-01 5.804046810294279934e-01 2.000000000000000000e+00
6.110492686440386345e-01 5.822391993355221507e-01 2.000000000000000000e+00
3.918396883765409289e-01 5.421431648286552107e-01 2.000000000000000000e+00
5.097490264677340122e-01 5.892656737650953103e-01 2.000000000000000000e+00
5.510222753896397707e-01 6.160795255283705307e-01 2.000000000000000000e+00
6.045655093509397782e-01 8.007233667097364282e-01 2.000000000000000000e+00
4.900398585394242779e-01 6.926875317921962205e-01 2.000000000000000000e+00
3.784615949244731770e-01 5.166749550314767570e-01 2.000000000000000000e+00
5.931675542249718047e-01 6.723381358811086894e-01 2.000000000000000000e+00
5.796142234403198756e-01 6.596414307375264574e-01 2.000000000000000000e+00
4.265069840949435309e-01 7.376382914302092031e-01 2.000000000000000000e+00
5.098056641177762804e-01 6.984618542207411407e-01 2.000000000000000000e+00
5.621127154401696080e-01 8.030062806358850835e-01 2.000000000000000000e+00
5.281011817252226903e-01 7.627261194473747841e-01 2.000000000000000000e+00
7.097445160928205210e-01 6.315561760629653243e-01 2.000000000000000000e+00
5.698629238850911882e-01 5.096078483850293717e-01 2.000000000000000000e+00
5.219523199475389896e-01 5.551143556581921157e-01 2.000000000000000000e+00
3.556347920282662556e-01 7.055455295417877304e-01 2.000000000000000000e+00
4.493558939366319449e-01 6.861915879156419429e-01 2.000000000000000000e+00
3.476771703670610281e-01 7.733901308817155984e-01 2.000000000000000000e+00
5.159275291147450426e-01 5.664934744111385090e-01 2.000000000000000000e+00
5.465302328672192456e-01 6.154538242050140440e-01 2.000000000000000000e+00
4.043208153587256604e-01 6.600972741741094607e-01 2.000000000000000000e+00
5.021466750003895640e-01 6.882257617052448539e-01 2.000000000000000000e+00
4.254470337157517101e-01 5.771683425744748019e-01 2.000000000000000000e+00
1.941661791462988562e-01 5.750094834315849779e-01 2.000000000000000000e+00
5.866971390798261243e-01 8.812829296472041163e-01 2.000000000000000000e+00
6.450987550300636419e-01 6.332816886335466133e-01 2.000000000000000000e+00
5.477116599300968502e-01 5.788230714116165965e-01 2.000000000000000000e+00
4.180388576090836583e-01 4.971986820507918181e-01 2.000000000000000000e+00
6.262569867348524166e-01 8.581375048997059718e-01 2.000000000000000000e+00
6.086007099554885391e-01 6.898394719469141956e-01 2.000000000000000000e+00
5.097046447346997855e-01 6.412752910958402497e-01 2.000000000000000000e+00
5.921476336610856928e-01 7.730806288285461125e-01 2.000000000000000000e+00
4.214457209713985408e-01 5.369660660942762176e-01 2.000000000000000000e+00
4.623293125977216977e-01 7.186085401375831294e-01 2.000000000000000000e+00
4.869055256750948191e-01 7.583300166504648443e-01 2.000000000000000000e+00
6.298570733953425815e-01 6.129829933306428780e-01 2.000000000000000000e+00
5.634818950981114183e-01 6.627593120966566165e-01 2.000000000000000000e+00
6.129045509964859972e-01 8.728050956293545992e-01 2.000000000000000000e+00
6.139558507973508217e-01 6.293583068573755934e-01 2.000000000000000000e+00
5.518986705853327068e-01 7.315934021150759525e-01 2.000000000000000000e+00
7.031859774132321883e-01 6.655338492964948394e-01 2.000000000000000000e+00
4.772913906877475632e-01 6.461081046036211140e-01 2.000000000000000000e+00
6.023024986498485278e-01 5.961035686622618845e-01 2.000000000000000000e+00
3.963364152174357891e-01 5.669748325265195898e-01 2.000000000000000000e+00
5.349504482958830076e-01 5.667070028867878806e-01 2.000000000000000000e+00
5.523577797041797632e-01 8.515362583639141114e-01 2.000000000000000000e+00
6.224083231155768114e-01 5.678312971093318895e-01 2.000000000000000000e+00
4.191767649641123805e-01 6.687177024078445609e-01 2.000000000000000000e+00
5.951845304877911857e-01 5.778554720697186564e-01 2.000000000000000000e+00
4.380570613618119946e-01 7.802313608542530421e-01 2.000000000000000000e+00
5.835733037205955709e-01 6.898526012088956882e-01 2.000000000000000000e+00
5.264836700556184690e-01 8.669391986135144279e-01 2.000000000000000000e+00
3.527770751115963943e-01 5.525271979308231662e-01 2.000000000000000000e+00
7.230426971742770492e-01 7.704698868584221039e-01 2.000000000000000000e+00
3.478037064860197147e-01 6.435830191244283904e-01 2.000000000000000000e+00
3.407336270405540435e-01 5.880360339626231614e-01 2.000000000000000000e+00
5.482007296619606507e-01 5.749155709818504212e-01 2.000000000000000000e+00
4.681201746762170268e-01 7.451147661048899140e-01 2.000000000000000000e+00
5.029255311264513306e-01 4.632977713741676662e-01 2.000000000000000000e+00
3.864427384311729941e-01 7.085609535636918643e-01 2.000000000000000000e+00
5.969032008311202508e-01 7.705034720431277462e-01 2.000000000000000000e+00
5.164132711045025248e-01 6.995035169706945721e-01 2.000000000000000000e+00
5.896970554554609167e-01 7.844603188157128759e-01 2.000000000000000000e+00
3.525219376583306197e-01 6.927381218065632451e-01 2.000000000000000000e+00
5.892896557498564780e-01 6.653471624437560239e-01 2.000000000000000000e+00
2.739512814177783584e-01 6.031965573969223504e-01 2.000000000000000000e+00
5.996287871398378044e-01 6.369151298319276622e-01 2.000000000000000000e+00
6.349619654428618754e-01 7.317304582967478765e-01 2.000000000000000000e+00
5.026056466649106991e-01 4.660455439121362065e-01 2.000000000000000000e+00
7.541559092551808341e-01 6.287575781690594168e-01 2.000000000000000000e+00
4.132015996437871097e-01 7.649864585873777934e-01 2.000000000000000000e+00
3.601489987275345861e-01 7.141221886033269906e-01 2.000000000000000000e+00
5.405211882417934044e-01 7.270224499109760874e-01 2.000000000000000000e+00
4.020272306557448050e-01 5.145487701612662113e-01 2.000000000000000000e+00
5.103186759107309900e-01 8.149436799979520307e-01 2.000000000000000000e+00
4.241164098246879566e-01 6.404447500776445645e-01 2.000000000000000000e+00
7.573018174944391445e-01 5.718435951022381447e-01 2.000000000000000000e+00
5.038961344075005844e-01 5.018184650496120280e-01 2.000000000000000000e+00
6.763906064919011918e-01 6.010127243020080279e-01 2.000000000000000000e+00
3.992960313885262624e-01 7.323226010746419767e-01 2.000000000000000000e+00
6.267452683982516204e-01 5.646852184344999248e-01 2.000000000000000000e+00
3.100202341185830934e-01 7.046367397977442160e-01 2.000000000000000000e+00
6.656142010510780471e-01 7.588885584844933252e-01 2.000000000000000000e+00
5.251621035809036497e-01 7.335644450241678438e-01 2.000000000000000000e+00
3.848072870557894820e-01 5.034923413311045426e-01 2.000000000000000000e+00
3.908268006759385571e-01 6.434044448684353990e-01 2.000000000000000000e+00
7.216762864259431698e-01 6.391715406971109070e-01 2.000000000000000000e+00
5.350619503624463036e-01 7.075487214391886770e-01 2.000000000000000000e+00
5.657683015212678912e-01 6.067269333432196987e-01 2.000000000000000000e+00
5.124696529485983643e-01 7.383264929791815145e-01 2.000000000000000000e+00
4.170192891762621867e-01 5.644074819359939932e-01 2.000000000000000000e+00
4.403421785968362201e-01 7.826445219832726119e-01 2.000000000000000000e+00
5.030161003997345448e-01 7.319939765961218647e-01 2.000000000000000000e+00
6.545087403695911688e-01 8.405269735045503010e-01 2.000000000000000000e+00
5.677219052515296571e-01 7.255591006061761217e-01 2.000000000000000000e+00
4.982083505497733045e-01 7.284075695443984477e-01 2.000000000000000000e+00
4.783263994674182285e-01 6.562607448240769248e-01 2.000000000000000000e+00
4.025731133618673518e-01 7.199573519372769459e-01 2.000000000000000000e+00
7.740058332049307710e-01 6.787207884555480630e-01 2.000000000000000000e+00
6.249371374888008646e-01 7.643913455608684071e-01 2.000000000000000000e+00
4.443853503254190929e-01 6.927910385565916318e-01 2.000000000000000000e+00
4.029868700925017810e-01 6.825639163327412717e-01 2.000000000000000000e+00
6.686124177112546807e-01 7.114184877755077574e-01 2.000000000000000000e+00
6.441465983037256704e-01 7.256382162098158339e-01 2.000000000000000000e+00
6.251537353734341051e-01 5.604673321842925660e-01 2.000000000000000000e+00
5.391243526212063930e-01 6.687534228568376982e-01 2.000000000000000000e+00
3.156268360253728922e-01 7.662340145067225716e-01 2.000000000000000000e+00
5.591578850506817577e-01 6.671232151733909044e-01 2.000000000000000000e+00
2.932765973065076248e-01 5.698776330052585104e-01 2.000000000000000000e+00
4.930803509159394915e-01 4.884848837869559257e-01 2.000000000000000000e+00
5.170626671868910895e-01 5.461681314911253082e-01 2.000000000000000000e+00
3.414488986820941041e-01 6.870034202215226093e-01 2.000000000000000000e+00
5.297996661294988030e-01 6.536167814072999516e-01 2.000000000000000000e+00
6.096444695478089315e-01 5.552326585912674695e-01 2.000000000000000000e+00
4.642934319405475074e-01 8.115861006787876697e-01 2.000000000000000000e+00
5.579137766836835821e-01 8.129618375260352359e-01 2.000000000000000000e+00
6.755500526888205126e-01 5.850663030193808956e-01 2.000000000000000000e+00
5.092321989272632354e-01 6.111313628881784865e-01 2.000000000000000000e+00
4.544984114371262152e-01 5.364951615279217600e-01 2.000000000000000000e+00
5.403068388579981285e-01 7.131072994323900405e-01 2.000000000000000000e+00
5.842382486978360268e-01 6.364716469364263274e-01 2.000000000000000000e+00
4.339017385941231209e-01 6.738087840303895737e-01 2.000000000000000000e+00
6.117310816551344566e-01 6.724786685965419286e-01 2.000000000000000000e+00
5.381079388811179642e-01 5.865620914406168840e-01 2.000000000000000000e+00
5.966684079913014971e-01 5.916845204233712741e-01 2.000000000000000000e+00
5.692414676230455051e-01 6.479329019182259453e-01 2.000000000000000000e+00
5.766098974031682589e-01 5.843203545671451504e-01 2.000000000000000000e+00
4.990863007517572503e-01 6.879411635354876209e-01 2.000000000000000000e+00
4.952616621691884879e-01 8.183848668290603090e-01 2.000000000000000000e+00
5.744411735204913994e-01 6.652288410775826222e-01 2.000000000000000000e+00
5.872913101862426988e-01 6.372177790980492196e-01 2.000000000000000000e+00
4.071704717496011927e-01 6.975063653637549876e-01 2.000000000000000000e+00
4.997031018404370917e-01 7.131459888524309676e-01 2.000000000000000000e+00
4.087892647343996377e-01 6.594779788524970376e-01 2.000000000000000000e+00
5.461501691622251409e-01 5.795194508910571640e-01 2.000000000000000000e+00
4.373811368102310526e-01 5.569533226726117725e-01 2.000000000000000000e+00
4.640467614794189233e-01 6.279421040933776954e-01 2.000000000000000000e+00
5.720103770176985236e-01 6.211690081840673949e-01 2.000000000000000000e+00
5.159052332256294227e-01 7.959165879194380899e-01 2.000000000000000000e+00
4.330874050340270398e-01 6.353809207313854124e-01 2.000000000000000000e+00
3.524150425400682796e-01 6.219601462928480151e-01 2.000000000000000000e+00
4.370684973591606459e-01 6.239474298966579680e-01 2.000000000000000000e+00
5.269266669697560967e-01 8.552577624458255201e-01 2.000000000000000000e+00
4.429095925711652448e-01 6.092466862919964088e-01 2.000000000000000000e+00
3.790741180123184395e-01 5.742009789378429430e-01 2.000000000000000000e+00
3.515926115861744972e-01 8.127261888982948435e-01 2.000000000000000000e+00
4.948565431213844401e-01 6.808926935785893919e-01 2.000000000000000000e+00
5.417886969109786399e-01 6.132274425936105056e-01 2.000000000000000000e+00
3.701132660057681045e-01 7.924500615898723010e-01 2.000000000000000000e+00
3.302533738207623082e-01 5.657726970447738424e-01 2.000000000000000000e+00
4.831351061385419365e-01 7.093806531708862773e-01 2.000000000000000000e+00
6.427452889845415296e-01 4.813634630282463411e-01 2.000000000000000000e+00
7.220613455632766131e-01 7.322820487375640841e-01 2.000000000000000000e+00
4.277129910483584152e-01 6.826684832298858252e-01 2.000000000000000000e+00
4.407405340290804774e-01 7.964971731695561497e-01 2.000000000000000000e+00
4.330966084346292155e-01 6.377467859631654745e-01 2.000000000000000000e+00
3.966372057588480327e-01 6.037702480310512820e-01 2.000000000000000000e+00
5.222089514658032616e-01 5.951497507485775662e-01 2.000000000000000000e+00
4.900971716437719228e-01 7.331528482097889876e-01 2.000000000000000000e+00
1.627781233474640543e-01 7.087024579476327579e-01 2.000000000000000000e+00
4.996858920294019457e-01 6.875211027800882668e-01 2.000000000000000000e+00
4.055128234159104395e-01 7.196882667440114290e-01 2.000000000000000000e+00
5.088032618904209103e-01 5.882478790785607980e-01 2.000000000000000000e+00
5.541834038450629274e-01 6.610545680518231659e-01 2.000000000000000000e+00
3.824297403910280613e-01 6.149033521183615569e-01 2.000000000000000000e+00
5.285567423059349679e-01 6.200930258512397097e-01 2.000000000000000000e+00
5.711991042294803922e-01 7.990187403324655602e-01 2.000000000000000000e+00
7.347773729581529301e-01 7.302577398029019839e-01 2.000000000000000000e+00
4.879297068413581684e-01 5.165372068720398557e-01 2.000000000000000000e+00
5.435821302574596059e-01 7.637910349893083373e-01 2.000000000000000000e+00
6.385124520697604833e-01 7.112077739454820691e-01 2.000000000000000000e+00
4.899655240838571291e-01 5.892030084568780079e-01 2.000000000000000000e+00
4.433437805138655263e-01 7.297733980394320863e-01 2.000000000000000000e+00
4.164205364329582881e-01 3.582812977242271213e-01 1.000000000000000000e+00
5.998027926643989538e-01 6.069254409589257548e-01 1.000000000000000000e+00
5.423846398079020803e-01 3.465246345828818519e-01 1.000000000000000000e+00
4.613989716097938731e-01 5.170399421731108891e-01 1.000000000000000000e+00
4.908548763571314311e-01 3.505001693015877273e-01 1.000000000000000000e+00
4.708249045195933569e-01 3.944806860314543084e-01 1.000000000000000000e+00
3.516315196607445737e-01 2.094053315181843011e-01 1.000000000000000000e+00
1.892504501061452737e-01 3.245764259710121613e-01 1.000000000000000000e+00
4.380907061450119988e-01 5.323145687534104331e-01 1.000000000000000000e+00
4.494094651212033886e-01 2.719720859501833510e-01 1.000000000000000000e+00
5.111538087530851371e-01 3.537794878322504388e-01 1.000000000000000000e+00
3.347704715238360440e-01 2.819084090840707768e-01 1.000000000000000000e+00
4.310985769468998474e-01 3.785247376860269575e-01 1.000000000000000000e+00
3.947016472531875708e-01 4.956039416589578805e-01 1.000000000000000000e+00
6.243817386411759651e-01 4.163720617668741353e-01 1.000000000000000000e+00
7.224692431013456095e-02 6.055606486187447013e-01 1.000000000000000000e+00
3.402565837816621253e-01 5.391498993333310175e-01 1.000000000000000000e+00
1.920662365998750398e-01 4.767072366901113911e-01 1.000000000000000000e+00
4.011552335763727828e-01 2.584530415881464149e-01 1.000000000000000000e+00
4.434203550397516347e-01 3.748572672539318695e-01 1.000000000000000000e+00
7.142097065235533115e-01 4.184244610184311708e-01 1.000000000000000000e+00
3.938408963752162428e-01 5.360237007088195504e-01 1.000000000000000000e+00
2.508912260206441203e-01 3.767785683981185740e-01 1.000000000000000000e+00
3.486788916009176398e-01 4.769520764934916945e-01 1.000000000000000000e+00
4.707426223535671750e-01 3.827244580793192630e-01 1.000000000000000000e+00
4.356020788996557425e-01 4.556478805371472207e-01 1.000000000000000000e+00
4.342445796215591569e-01 4.916901661829532477e-01 1.000000000000000000e+00
4.325441006018625467e-01 4.926005923944714038e-01 1.000000000000000000e+00
6.280030638961670020e-01 6.708750131508446346e-01 1.000000000000000000e+00
3.931038019736281530e-01 5.164918959352846617e-01 1.000000000000000000e+00
2.448693964980823978e-01 3.653442060645497036e-01 1.000000000000000000e+00
4.660158060091768029e-01 4.790034392581595246e-01 1.000000000000000000e+00
5.007601325286742400e-01 3.013874921218627212e-01 1.000000000000000000e+00
2.516545546679895828e-01 5.151665592244755176e-01 1.000000000000000000e+00
4.822933996906262344e-01 5.192285242414306223e-01 1.000000000000000000e+00
5.626574583476116054e-01 4.318079486547973800e-01 1.000000000000000000e+00
5.838649290551198856e-01 3.707943385624835608e-01 1.000000000000000000e+00
6.335725061185892848e-01 5.135647823059620309e-01 1.000000000000000000e+00
5.976847859384918360e-01 4.766911593390789625e-01 1.000000000000000000e+00
5.118079296137867384e-01 3.938609174995630902e-01 1.000000000000000000e+00
2.700075676687500037e-01 3.840465593190372506e-01 1.000000000000000000e+00
5.796954246957117807e-01 4.716327894607120763e-01 1.000000000000000000e+00
4.175905577517327605e-01 4.682636763259911405e-01 1.000000000000000000e+00
3.142838931920162171e-01 3.660001488863453001e-01 1.000000000000000000e+00
5.535605602632431843e-01 4.257790403441924498e-01 1.000000000000000000e+00
4.195754851653977213e-01 5.175226985864168627e-01 1.000000000000000000e+00
4.665307088657602019e-01 4.804092478027556234e-01 1.000000000000000000e+00
4.359299293575317202e-01 4.054006327542390986e-01 1.000000000000000000e+00
2.587926749099656032e-01 2.164477672353028737e-01 1.000000000000000000e+00
6.457543581088925899e-01 3.982902802345934523e-01 1.000000000000000000e+00
4.591035446311947932e-01 4.425703510411682085e-01 1.000000000000000000e+00
4.955109023723892614e-01 4.547909792021282427e-01 1.000000000000000000e+00
3.792653472893595112e-01 4.810762715305438864e-01 1.000000000000000000e+00
5.561204872971450275e-01 5.183167952530468581e-01 1.000000000000000000e+00
3.453507381623262540e-01 4.910687070531328802e-01 1.000000000000000000e+00
2.236897894527254682e-01 1.941155910730872347e-01 1.000000000000000000e+00
6.982502418655078813e-01 4.231806074155211594e-01 1.000000000000000000e+00
3.122752294207705726e-01 4.439632464515819721e-01 1.000000000000000000e+00
4.353959439042632829e-01 3.608755378692750648e-01 1.000000000000000000e+00
4.565084537140066123e-01 3.889980068440119232e-01 1.000000000000000000e+00
2.249590307295331326e-01 5.805235255128932126e-01 1.000000000000000000e+00
4.972789397854553983e-01 6.338761767919894874e-01 1.000000000000000000e+00
4.665578782316194273e-01 5.549449333927219952e-01 1.000000000000000000e+00
6.251850748821656811e-01 4.223814716192885732e-01 1.000000000000000000e+00
5.928246029764502323e-01 4.645966475544155427e-01 1.000000000000000000e+00
4.419888706661713740e-01 4.138871930702026081e-01 1.000000000000000000e+00
3.956090858052254688e-01 4.132211280597509750e-01 1.000000000000000000e+00
3.536021799913149355e-01 3.553161728641706651e-01 1.000000000000000000e+00
5.201521231679980817e-01 4.925040224718237325e-01 1.000000000000000000e+00
5.642611702321173039e-01 5.431215343110695759e-01 1.000000000000000000e+00
4.245412698129716889e-01 4.241987235622817209e-01 1.000000000000000000e+00
4.908954761529898403e-01 4.590902034264155995e-01 1.000000000000000000e+00
5.070345239468602161e-01 4.756826357568317842e-01 1.000000000000000000e+00
3.955824135468574698e-01 4.758162903990009740e-01 1.000000000000000000e+00
5.155514854647677003e-01 4.894894729619156948e-01 1.000000000000000000e+00
4.653956828351843433e-01 3.477806811077540639e-01 1.000000000000000000e+00
4.285524247608517023e-01 4.517800387164632170e-01 1.000000000000000000e+00
4.857521888879109961e-01 6.023625710600882810e-01 1.000000000000000000e+00
3.377232309693046219e-01 5.215565905203087826e-01 1.000000000000000000e+00
6.185060273558805610e-01 6.123069465816515233e-01 1.000000000000000000e+00
3.853445705094634688e-01 2.031211982171511610e-01 1.000000000000000000e+00
4.113239390082717994e-01 5.122687040523753454e-01 1.000000000000000000e+00
4.243512381205134520e-01 5.023437223634885651e-01 1.000000000000000000e+00
2.818937227227919506e-01 3.826987683664305750e-01 1.000000000000000000e+00
3.032333861121622731e-01 3.235236788105094186e-01 1.000000000000000000e+00
5.332396492649706943e-01 5.644028029147220016e-01 1.000000000000000000e+00
3.583292753527593799e-01 5.101090425239347415e-01 1.000000000000000000e+00
4.630997301618178241e-01 4.857905041431505033e-01 1.000000000000000000e+00
2.515408757271718199e-01 4.329052525225964287e-01 1.000000000000000000e+00
4.374370267951568358e-01 5.037992201740795206e-01 1.000000000000000000e+00
4.617159646057404920e-01 3.455539287125238834e-01 1.000000000000000000e+00
3.538065368948104528e-01 5.138517592688687241e-01 1.000000000000000000e+00
3.818127097623373323e-01 4.810045031831923223e-01 1.000000000000000000e+00
4.573207577875680885e-01 5.368483589075514484e-01 1.000000000000000000e+00
5.949021730292212151e-01 3.375755637441409940e-01 1.000000000000000000e+00
2.845535470752931784e-01 5.210305007619436823e-01 1.000000000000000000e+00
4.277166300423407841e-01 5.039382360686627260e-01 1.000000000000000000e+00
4.401355592312521381e-01 3.680034127077002060e-01 1.000000000000000000e+00
4.967814948466293123e-01 4.458896307090910449e-01 1.000000000000000000e+00
7.837930164477514561e-01 5.688988367817481295e-01 1.000000000000000000e+00
5.344096178849871981e-01 4.606785819880820920e-01 1.000000000000000000e+00
5.066333180152190474e-01 6.329920784758457097e-01 1.000000000000000000e+00
5.407478556610251230e-01 3.722720767866781189e-01 1.000000000000000000e+00
5.776167647058761956e-01 2.907469111318023436e-01 1.000000000000000000e+00
4.848923656045785457e-01 3.814787993572529290e-01 1.000000000000000000e+00
3.536652170352951319e-01 5.579758339440439308e-01 1.000000000000000000e+00
4.573388319029065285e-01 4.823662626171754120e-01 1.000000000000000000e+00
5.243884812884568314e-01 4.135183972184101053e-01 1.000000000000000000e+00
4.939818521351565517e-01 4.578230274600321725e-01 1.000000000000000000e+00
5.175375400373259938e-01 5.438515818580985650e-01 1.000000000000000000e+00
5.288765645235355972e-01 2.915258042499477842e-01 1.000000000000000000e+00
4.396490036733025630e-01 6.450209055908485700e-01 1.000000000000000000e+00
6.218201080748736453e-01 4.932234786755909650e-01 1.000000000000000000e+00
5.347466702344497724e-01 4.904738236828426468e-01 1.000000000000000000e+00
6.668407252593410162e-01 4.968239458861378743e-01 1.000000000000000000e+00
6.429884681775657196e-01 5.043755893796123546e-01 1.000000000000000000e+00
4.432240751346367968e-01 4.092506579916911913e-01 1.000000000000000000e+00
3.694386031196060793e-01 4.883569974965629723e-01 1.000000000000000000e+00
4.516155420434495027e-01 3.715745249237450976e-01 1.000000000000000000e+00
6.333600676108818162e-01 5.713847164149314928e-01 1.000000000000000000e+00
5.492156721443646195e-01 3.095481523302170968e-01 1.000000000000000000e+00
4.099843522929578765e-01 4.203110773450390303e-01 1.000000000000000000e+00
2.783498247595195818e-01 5.687375999417854100e-01 1.000000000000000000e+00
3.551590053931238389e-01 2.967772016602007179e-01 1.000000000000000000e+00
4.733550101497638884e-01 6.377539002343981522e-01 1.000000000000000000e+00
4.312143415625629417e-01 5.554131246976455882e-01 1.000000000000000000e+00
3.333570687404383004e-01 2.962176056417103465e-01 1.000000000000000000e+00
3.692157814659813853e-01 3.753704113812462162e-01 1.000000000000000000e+00
1.392783063918555386e-01 7.249169495165571631e-01 1.000000000000000000e+00
3.772857454809000477e-01 3.541474084744513084e-01 1.000000000000000000e+00
2.676912431697094918e-01 5.190514344292995741e-01 1.000000000000000000e+00
3.941736836251466536e-01 5.522324685507407072e-01 1.000000000000000000e+00
5.348294374221985725e-01 5.023890039076329694e-01 1.000000000000000000e+00
3.979551448273597747e-01 4.503713618260566376e-01 1.000000000000000000e+00
4.841711393411485820e-01 6.941575118125437038e-01 1.000000000000000000e+00
3.565477279189863125e-01 3.902084113572931723e-01 1.000000000000000000e+00
3.077336063991100712e-01 1.510007046096499550e-01 1.000000000000000000e+00
4.440160507174203408e-01 4.224430494066327979e-01 1.000000000000000000e+00
4.909110482399823283e-01 5.498228806215316178e-01 1.000000000000000000e+00
5.053147361131752335e-01 4.302939492664363819e-01 1.000000000000000000e+00
3.346726252944708935e-01 4.466754196713352276e-01 1.000000000000000000e+00
5.042162180245460812e-01 5.816417706494164674e-01 1.000000000000000000e+00
2.432963020347237160e-01 4.775456254187775973e-01 1.000000000000000000e+00
5.926922517797801326e-01 6.637607723133182036e-01 1.000000000000000000e+00
2.063483425416250960e-01 2.520639864768981497e-01 1.000000000000000000e+00
5.458080004796046492e-01 4.194993920985353175e-01 1.000000000000000000e+00
4.773805743803446466e-01 5.484723976063181627e-01 1.000000000000000000e+00
3.664639106224001908e-01 4.225200785128288561e-01 1.000000000000000000e+00
4.798342389918562323e-01 3.350463428626213047e-01 1.000000000000000000e+00
3.211499668775514293e-01 2.747810369738182823e-01 1.000000000000000000e+00
5.662094070842677018e-01 4.661136764590809722e-01 1.000000000000000000e+00
3.016530359051615706e-01 6.116011706387078917e-01 1.000000000000000000e+00
4.884418689687404225e-01 3.716746692964106868e-01 1.000000000000000000e+00
5.522781209857220430e-01 4.719538350625933076e-01 1.000000000000000000e+00
3.837676337198837051e-01 4.711443918835292455e-01 1.000000000000000000e+00
3.249984796304700718e-01 3.928478998281433321e-01 1.000000000000000000e+00
3.310503769589649425e-01 4.420215823360576501e-01 1.000000000000000000e+00
3.932806800337356745e-01 5.801193590135209632e-01 1.000000000000000000e+00
5.479758340977026743e-01 5.549004213500211558e-01 1.000000000000000000e+00
5.139075271073471063e-01 5.168145981076044393e-01 1.000000000000000000e+00
3.714357636723404354e-01 6.028136436177299329e-01 1.000000000000000000e+00
4.289374350021696869e-01 4.581180137523874207e-01 1.000000000000000000e+00
3.531512275779177812e-01 3.580675095064690394e-01 1.000000000000000000e+00
4.043547594649604671e-01 3.660186884059693502e-01 1.000000000000000000e+00
4.067659266849223965e-01 3.913713192980736166e-01 1.000000000000000000e+00
3.404070819230531897e-01 5.643546631367877264e-01 1.000000000000000000e+00
3.025601191937179468e-01 4.685944787539019218e-01 1.000000000000000000e+00
2.724873462762223975e-01 3.252659211098472003e-01 1.000000000000000000e+00
5.121038098745620548e-01 3.351967409260525610e-01 1.000000000000000000e+00
3.994530432361902417e-01 5.583495180371845779e-01 1.000000000000000000e+00
3.993708439413314881e-01 3.744313544812498673e-01 1.000000000000000000e+00
4.742654021372593731e-01 3.244861982896186658e-01 1.000000000000000000e+00
5.452910935445540730e-01 4.851119062315435992e-01 1.000000000000000000e+00
4.837922345241600919e-01 3.406210165593709371e-01 1.000000000000000000e+00
4.546974443450427228e-01 4.624464928690787402e-01 1.000000000000000000e+00
5.500477725759103098e-01 5.589696675552471294e-01 1.000000000000000000e+00
2.478473276637261913e-01 6.421350381014275799e-01 1.000000000000000000e+00
4.668965005288184811e-01 5.388524707877352382e-01 1.000000000000000000e+00
3.964447479383599870e-01 5.528267054359088384e-01 1.000000000000000000e+00
4.531824049174718594e-01 5.000381736977083103e-01 1.000000000000000000e+00
5.295282895647807075e-01 4.607632161918286395e-01 1.000000000000000000e+00
4.160788384518803174e-01 5.148638598496279029e-01 1.000000000000000000e+00
3.205764308407720864e-01 3.539179517143587472e-01 1.000000000000000000e+00
4.712631622450361712e-01 3.046707000980937163e-01 1.000000000000000000e+00
2.567018658228344963e-01 2.537993974760698324e-01 1.000000000000000000e+00
1.612541326904768368e-01 3.735137131792278797e-01 1.000000000000000000e+00
5.096667401659096264e-01 4.910238907760418048e-01 1.000000000000000000e+00
1.628783476460731738e-01 3.781568490830710672e-01 1.000000000000000000e+00
4.216247224414770844e-01 4.948782227087895058e-01 1.000000000000000000e+00
5.405012768423931302e-01 4.836947200805021829e-01 1.000000000000000000e+00
3.278715292738393350e-01 5.985069816107978502e-01 1.000000000000000000e+00
4.584343837579887282e-01 5.666554269279170386e-01 1.000000000000000000e+00
4.407312100930455001e-01 2.069358538489683430e-01 1.000000000000000000e+00
5.976729772915628791e-01 5.039042784084912796e-01 1.000000000000000000e+00
5.570242219470921130e-01 4.469370000484842453e-01 1.000000000000000000e+00
3.642967916135211870e-01 4.121636981880011930e-01 1.000000000000000000e+00
4.325488366092108961e-01 5.308385877017660626e-01 1.000000000000000000e+00
5.425235996527372206e-01 5.102839476917323536e-01 1.000000000000000000e+00
4.026679613073296249e-01 2.879445322145032793e-01 1.000000000000000000e+00
6.010938845966136146e-01 4.521375385937315694e-01 1.000000000000000000e+00
4.387092463660487440e-01 4.628481425513283343e-01 1.000000000000000000e+00
2.405227443921602593e-01 5.751994500605860372e-01 1.000000000000000000e+00
3.917208909618425938e-01 1.401538640112076073e-01 0.000000000000000000e+00
4.368844818665605367e-01 3.626408367575867375e-01 0.000000000000000000e+00
4.109583707862878299e-01 4.637205384656453711e-01 0.000000000000000000e+00
1.839533032118920164e-01 1.593350241154361524e-01 0.000000000000000000e+00
2.771647968429781228e-01 2.414372984722398807e-01 0.000000000000000000e+00
3.083912297011805470e-01 2.303055004972366093e-01 0.000000000000000000e+00
3.452045076443236993e-01 2.573203990395918628e-01 0.000000000000000000e+00
1.644279303952639881e-01 1.771878096618287879e-01 0.000000000000000000e+00
2.746666462316920687e-01 2.833459096684783352e-01 0.000000000000000000e+00
3.698903939888811832e-01 2.261974056133408961e-01 0.000000000000000000e+00
4.355608294184469820e-01 3.763217578258033491e-01 0.000000000000000000e+00
3.345394530930583810e-01 3.714391777979063058e-01 0.000000000000000000e+00
2.655948261320448811e-01 1.350756795177282810e-01 0.000000000000000000e+00
1.084081043927253851e-01 1.351353493112363857e-01 0.000000000000000000e+00
2.906334770681683888e-01 4.937133171836106671e-01 0.000000000000000000e+00
5.276441836653278372e-01 3.251484904126247799e-01 0.000000000000000000e+00
2.752490286867282365e-01 2.261571571996923158e-01 0.000000000000000000e+00
4.739461083687764864e-01 3.274982595607656699e-01 0.000000000000000000e+00
3.256491392713122823e-01 3.056649639677669894e-01 0.000000000000000000e+00
3.226296893849140424e-01 4.366693877829773140e-01 0.000000000000000000e+00
4.312003465330744856e-01 3.269867026245754649e-01 0.000000000000000000e+00
2.774783248847934036e-01 1.859930405525301589e-01 0.000000000000000000e+00
4.706786567190088810e-01 3.372050517966697081e-01 0.000000000000000000e+00
4.912376895026870915e-01 2.582376083296259450e-01 0.000000000000000000e+00
4.412355340968049933e-01 2.757084840923936797e-01 0.000000000000000000e+00
2.480527205266658819e-01 2.613716928545933293e-01 0.000000000000000000e+00
3.349443291762967956e-01 5.180641007284431110e-01 0.000000000000000000e+00
3.229254996975003400e-01 2.437512508713649273e-01 0.000000000000000000e+00
4.220641148880105442e-01 4.577412939942291370e-01 0.000000000000000000e+00
4.260807406704160694e-01 3.099895944480736687e-01 0.000000000000000000e+00
6.052829528492472688e-01 4.463757142911763953e-01 0.000000000000000000e+00
2.070546593981704153e-01 2.047097961029084590e-01 0.000000000000000000e+00
4.419859514787644050e-01 3.262470087654285589e-01 0.000000000000000000e+00
4.179102864987230825e-01 3.376741982439341316e-01 0.000000000000000000e+00
3.839574781221425925e-01 3.141078353783332000e-01 0.000000000000000000e+00
2.773455128853370422e-01 3.609688960242190547e-01 0.000000000000000000e+00
2.498482594815374380e-01 1.392418670733061581e-01 0.000000000000000000e+00
3.891252478847933571e-01 4.131503125030373536e-01 0.000000000000000000e+00
3.338292574679540547e-01 3.638472855834909425e-01 0.000000000000000000e+00
3.164619776298354115e-01 2.008953170210252548e-01 0.000000000000000000e+00
2.890604553013718103e-01 1.709910307557191700e-01 0.000000000000000000e+00
2.399657924974065715e-01 1.110343052610972131e-01 0.000000000000000000e+00
1.849698940839343275e-01 1.506439409937915530e-01 0.000000000000000000e+00
1.693637418311486897e-01 2.538793561464883219e-01 0.000000000000000000e+00
4.698963962089338087e-01 2.603367388222876389e-01 0.000000000000000000e+00
1.553589260696391638e-01 4.432607096106814804e-01 0.000000000000000000e+00
4.427856207702827729e-01 1.489760373296063201e-01 0.000000000000000000e+00
4.432883443000734669e-01 5.162118212915538518e-01 0.000000000000000000e+00
2.262630055535014839e-01 2.934937461886678034e-01 0.000000000000000000e+00
3.891038863181112140e-01 4.395634436297763958e-01 0.000000000000000000e+00
1.634755507785979056e-01 3.558204921486287087e-01 0.000000000000000000e+00
2.365144603643916654e-01 3.892678255190202830e-01 0.000000000000000000e+00
2.108818636346890957e-02 2.914187484906691772e-01 0.000000000000000000e+00
2.861122549336866383e-01 2.117647667849103799e-01 0.000000000000000000e+00
1.472775465643878234e-01 2.580872418856281492e-01 0.000000000000000000e+00
3.325079671790153735e-01 1.852198589207343093e-01 0.000000000000000000e+00
3.020682275728485133e-01 2.165361622248080653e-01 0.000000000000000000e+00
1.849131156842544199e-01 2.384793885973188754e-01 0.000000000000000000e+00
3.402993053992804384e-01 3.734759760907929715e-01 0.000000000000000000e+00
3.500418711209894451e-01 2.175925450458267296e-01 0.000000000000000000e+00
2.209298717617821650e-01 6.002720679452234337e-02 0.000000000000000000e+00
2.642198049150186190e-01 3.602140619981167857e-01 0.000000000000000000e+00
2.791095297360592919e-01 2.286674780947977881e-01 0.000000000000000000e+00
1.257134081590370045e-01 1.249780767132898512e-01 0.000000000000000000e+00
0.000000000000000000e+00 2.589816910757254953e-01 0.000000000000000000e+00
2.158233870323366388e-01 1.907505190383888272e-01 0.000000000000000000e+00
3.595690547668704551e-01 3.184527761570110083e-01 0.000000000000000000e+00
1.900415741955444604e-01 1.992293796056529565e-01 0.000000000000000000e+00
1.587021859480625130e-01 3.182431676823039290e-01 0.000000000000000000e+00
3.624506970512397230e-01 4.322735799565938231e-01 0.000000000000000000e+00
2.803873256790244684e-01 5.746585842988594095e-01 0.000000000000000000e+00
3.722850108496897903e-01 3.568941449619824069e-01 0.000000000000000000e+00
3.217721240224891699e-01 4.596662486202956477e-01 0.000000000000000000e+00
2.759499085601873625e-01 4.482793007820961018e-01 0.000000000000000000e+00
3.095649578002376834e-01 3.932713941074342801e-01 0.000000000000000000e+00
3.213899317792999755e-01 2.984477168340251563e-01 0.000000000000000000e+00
1.668464100929276384e-01 1.236097452255760926e-01 0.000000000000000000e+00
2.867474866784867071e-01 2.314857835373198558e-01 0.000000000000000000e+00
1.492081871974763052e-01 1.703037738700952097e-01 0.000000000000000000e+00
4.382922098713453729e-01 2.586092975477243261e-01 0.000000000000000000e+00
1.898972597153283925e-01 2.724873186407964498e-01 0.000000000000000000e+00
2.167945413496409623e-01 1.440117404521207289e-01 0.000000000000000000e+00
4.213820555811208513e-01 3.070280751024011545e-01 0.000000000000000000e+00
2.840982168185027246e-01 3.423768547804901252e-01 0.000000000000000000e+00
2.553908912597094849e-01 7.790887963986906084e-02 0.000000000000000000e+00
1.321696009639689307e-01 2.169083111014442899e-01 0.000000000000000000e+00
3.550476805003023317e-01 2.545256826766912894e-01 0.000000000000000000e+00
1.764897898864711823e-01 2.523307795025616085e-01 0.000000000000000000e+00
3.166708456458491305e-01 2.938576994099780793e-01 0.000000000000000000e+00
6.918083569050573201e-02 2.328495276237949607e-01 0.000000000000000000e+00
3.036750963208300069e-01 4.733652623686226413e-01 0.000000000000000000e+00
1.207319675471594939e-01 2.572489691716741689e-01 0.000000000000000000e+00
1.499945148846946741e-01 2.680058869533588628e-01 0.000000000000000000e+00
4.618845964135978588e-01 2.462509347253962200e-01 0.000000000000000000e+00
3.996393926039015221e-01 2.546121772799369021e-01 0.000000000000000000e+00
3.517222326415141431e-01 4.259653915321809925e-01 0.000000000000000000e+00
1.024805280210370900e-01 3.187547447067579642e-01 0.000000000000000000e+00
2.547031197501849475e-01 4.121583443505996147e-01 0.000000000000000000e+00
1.871221693017021681e-01 2.931643992540307608e-01 0.000000000000000000e+00
2.167836758255413665e-01 1.041068667259178182e-01 0.000000000000000000e+00
1.693139054091588047e-01 3.056892519939969355e-01 0.000000000000000000e+00
3.205902511687433454e-01 1.872864403133697175e-01 0.000000000000000000e+00
3.964269376114704091e-01 3.935175019526933049e-01 0.000000000000000000e+00
6.246672199201996900e-01 2.910251741825787830e-01 0.000000000000000000e+00
4.162369780543443420e-01 3.711055534832677916e-01 0.000000000000000000e+00
2.194155046253851160e-01 2.030689624808697524e-01 0.000000000000000000e+00
3.019965773034759549e-01 2.519957049103948021e-01 0.000000000000000000e+00
2.197361693259485826e-01 3.022798725907404616e-01 0.000000000000000000e+00
2.253737296562564885e-01 2.955281651909092422e-01 0.000000000000000000e+00
2.901472323018733368e-01 3.536121585253004795e-01 0.000000000000000000e+00
3.029409188332302105e-01 3.798711251044662451e-01 0.000000000000000000e+00
4.675595752991187348e-01 3.081550720250548769e-01 0.000000000000000000e+00
1.617179139774865271e-01 1.370694767871016295e-01 0.000000000000000000e+00
3.188528485359697906e-01 2.562756101354008997e-01 0.000000000000000000e+00
3.533479462632380663e-01 1.853623920681835291e-01 0.000000000000000000e+00
2.429181143012568711e-01 1.642824008236009325e-01 0.000000000000000000e+00
1.238471585740157088e-01 2.628101750645659429e-01 0.000000000000000000e+00
2.803237518359513736e-01 4.006502122264480326e-01 0.000000000000000000e+00
3.499653800044262852e-01 2.109664858728056147e-01 0.000000000000000000e+00
2.250594449156949894e-01 2.273488696803254994e-01 0.000000000000000000e+00
9.110312880601482977e-02 4.337963145466869896e-01 0.000000000000000000e+00
4.591851929448821923e-01 2.363509859495481480e-01 0.000000000000000000e+00
2.719226534944331752e-01 3.018383618040830774e-01 0.000000000000000000e+00
2.725657280931118587e-01 2.741301607896746706e-01 0.000000000000000000e+00
5.092982059888784274e-01 3.981360390141153172e-01 0.000000000000000000e+00
2.101347840432308822e-01 3.873051644585756570e-01 0.000000000000000000e+00
4.448202698261360943e-01 2.652756343242238524e-01 0.000000000000000000e+00
2.979771227150303514e-01 1.760195479422385356e-01 0.000000000000000000e+00
2.470070027943112589e-01 2.928084353297530917e-01 0.000000000000000000e+00
4.391561513412202689e-01 3.508067988574242735e-01 0.000000000000000000e+00
4.780036996562012641e-01 3.914490643333993769e-01 0.000000000000000000e+00
5.984360530892206542e-01 4.233051393948800145e-01 0.000000000000000000e+00
1.419822960552072078e-01 3.149007116497563041e-01 0.000000000000000000e+00
1.223469896223129683e-02 2.735957948419593389e-01 0.000000000000000000e+00
3.874967882932176533e-01 2.832128542124507931e-01 0.000000000000000000e+00
3.208408263707444030e-01 2.780704829060253735e-01 0.000000000000000000e+00
1.838156173533216087e-01 3.046788243469207846e-01 0.000000000000000000e+00
3.589015561866990001e-01 4.092536506174172528e-01 0.000000000000000000e+00
2.305221806650876448e-01 1.738508565165676756e-01 0.000000000000000000e+00
3.569026753192518497e-01 4.378474618056239498e-01 0.000000000000000000e+00
1.487265876266944675e-01 4.348779860388468643e-01 0.000000000000000000e+00
4.489016529329961092e-01 2.891229212480497246e-01 0.000000000000000000e+00
4.732785220687673600e-01 2.388313176268051785e-01 0.000000000000000000e+00
4.473232796062169281e-01 1.973604819003637045e-01 0.000000000000000000e+00
3.088759378102073350e-01 3.408427290924445630e-01 0.000000000000000000e+00
2.558603973006138288e-01 2.169260769532024291e-01 0.000000000000000000e+00
3.151608952759389348e-01 3.027099523815477977e-01 0.000000000000000000e+00
3.077348232235384007e-01 2.380167276391913223e-01 0.000000000000000000e+00
3.628271088993737514e-01 2.867648072979766538e-01 0.000000000000000000e+00
2.724240404509981617e-01 3.613818484923234098e-01 0.000000000000000000e+00
3.420115880185529145e-01 2.023888433844226453e-01 0.000000000000000000e+00
3.108730665445108565e-01 4.976768310945444140e-01 0.000000000000000000e+00
1.550845539449182131e-01 3.887941536037839430e-01 0.000000000000000000e+00
3.982217193119100829e-01 2.778352362165186773e-01 0.000000000000000000e+00
2.284532969001932812e-01 2.993943861939685758e-01 0.000000000000000000e+00
2.552079217731200722e-01 3.724606010823988123e-01 0.000000000000000000e+00
3.599053178232465289e-01 3.519614147627287415e-01 0.000000000000000000e+00
4.118570327355106642e-01 3.865063507828308542e-01 0.000000000000000000e+00
1.540371363733179511e-01 2.762947142245658627e-01 0.000000000000000000e+00
2.354680245668302752e-01 3.087256066889396688e-01 0.000000000000000000e+00
2.806775037989712174e-01 2.682695675216739128e-01 0.000000000000000000e+00
2.282019875427804267e-01 4.068459015163587433e-01 0.000000000000000000e+00
2.591301646152724958e-01 1.094434389792067752e-01 0.000000000000000000e+00
3.443851658928735460e-01 2.674284040514628424e-01 0.000000000000000000e+00
2.566115321035615238e-01 3.308426009607310370e-01 0.000000000000000000e+00
2.969599147708129050e-01 3.545704607224686722e-01 0.000000000000000000e+00
4.115099439775438128e-01 3.979334859406201685e-01 0.000000000000000000e+00
2.293040424269487121e-01 1.555155175731335049e-01 0.000000000000000000e+00
4.309434689756949100e-01 4.412674655871874352e-01 0.000000000000000000e+00
4.212026119912032907e-01 3.258006499313875204e-01 0.000000000000000000e+00
3.356885232153932197e-01 2.588989967922600277e-01 0.000000000000000000e+00
3.259522495803319764e-01 3.291819217525169816e-01 0.000000000000000000e+00
3.072316322817799095e-01 4.427903743075969900e-01 0.000000000000000000e+00
2.680986388882330429e-01 2.550623610017088705e-01 0.000000000000000000e+00
1.803805916582575108e-01 5.224445958775282284e-01 0.000000000000000000e+00
3.093294674606875128e-01 2.041962842081490592e-01 0.000000000000000000e+00
3.298516219622200096e-01 6.399093223477696213e-02 0.000000000000000000e+00
1.656327361984566704e-01 2.327545743632338793e-01 0.000000000000000000e+00
1.904988328239397011e-01 3.591026597342108495e-01 0.000000000000000000e+00
3.044547954776545273e-01 1.979359084686362624e-01 0.000000000000000000e+00
3.588621101089227161e-01 5.100465367591049404e-01 0.000000000000000000e+00
2.919972319352949763e-01 2.878408310230181066e-01 0.000000000000000000e+00
1.507337490271752067e-01 1.762110972454918045e-01 0.000000000000000000e+00
3.966779078372391076e-01 2.578771565630247342e-01 0.000000000000000000e+00
2.379012420296046926e-01 3.059328253182745927e-01 0.000000000000000000e+00
1.107977963402572569e-01 2.247130223407836636e-01 0.000000000000000000e+00
2.748411115216826683e-01 2.606987235391568514e-01 0.000000000000000000e+00
2.752713718731111259e-01 2.904203033954989577e-01 0.000000000000000000e+00
2.156049344987081562e-01 2.651424100701259001e-01 0.000000000000000000e+00
3.380704076721012252e-01 1.820564202760429351e-01 0.000000000000000000e+00
1.981741814795896228e-01 2.870094287952680845e-01 0.000000000000000000e+00
3.428032322372615570e-01 3.389946924011666418e-01 0.000000000000000000e+00
5.131025905631426687e-01 2.337597354696158425e-01 0.000000000000000000e+00
4.591041349671765581e-01 1.351362753381931958e-01 0.000000000000000000e+00
1.343771795219941279e-01 3.850153007685419571e-01 0.000000000000000000e+00
1.235393942992303873e-01 1.168999885100667074e-01 0.000000000000000000e+00
1.741032261529044112e-01 2.623700232367414120e-01 0.000000000000000000e+00
9.477767805318887406e-02 3.541087148547681362e-01 0.000000000000000000e+00
2.798180904474403818e-01 3.634610683759796901e-01 0.000000000000000000e+00
2.292412602010439060e-01 1.844192833260689668e-01 0.000000000000000000e+00
1.295577704703969324e-01 3.524297498200113510e-01 0.000000000000000000e+00
3.462069536998329533e-01 3.578625860639027545e-01 0.000000000000000000e+00
