4.297439960464529141e-01 8.594579525871943737e-01 2.000000000000000000e+00
4.994721525714162502e-01 8.467846901792577263e-01 2.000000000000000000e+00
5.218581783265104912e-01 5.477618820374260400e-01 2.000000000000000000e+00
4.848454954086967028e-01 7.142743971332333741e-01 2.000000000000000000e+00
4.278636954994776698e-01 7.359188552869362354e-01 2.000000000000000000e+00
4.300314959513202306e-01 6.120259674123659233e-01 2.000000000000000000e+00
6.140408622009205786e-01 7.997522231591931430e-01 2.000000000000000000e+00
4.576353613335693571e-01 5.722352027798838225e-01 2.000000000000000000e+00
4.209148845366763592e-01 7.679379445460192688e-01 2.000000000000000000e+00
6.111015656734068990e-01 7.226792816437166422e-01 2.000000000000000000e+00
4.017080666747977480e-01 5.885025000489962910e-01 2.000000000000000000e+00
4.952860723586415825e-01 6.898306406860639228e-01 2.000000000000000000e+00
6.395983810713360418e-01 8.560965405995003552e-01 2.000000000000000000e+00
4.783199887105551440e-01 6.760312130005402542e-01 2.000000000000000000e+00
6.267070706834831917e-01 8.725147726678305071e-01 2.000000000000000000e+00
5.849773115523805300e-01 6.376681796939172031e-01 2.000000000000000000e+00
6.508740782563506855e-01 7.082927238965889272e-01 2.000000000000000000e+00
6.227901902978932869e-01 7.428547767036643990e-01 2.000000000000000000e+00
4.337519917813887349e-01 7.273829400358882147e-01 2.000000000000000000e+00
6.120563119199663449e-01 6.485343158539532693e-01 2.000000000000000000e+00
6.447359419200534569e-01 7.898147377925319734e-01 2.000000000000000000e+00
5.416145131567455806e-01 8.325265861471573547e-01 2.000000000000000000e+00
6.714418054389899027e-01 6.871102418326832106e-01 2.000000000000000000e+00
3.199918000243907601e-01 4.055068889483747219e-01 2.000000000000000000e+00
6.023944040140298828e-01 7.717986472853031188e-01 2.000000000000000000e+00
4.747092244435948127e-01 6.819783940331407557e-01 2.000000000000000000e+00
4.477520401136121375e-01 5.020004536274177420e-01 2.000000000000000000e+00
5.158514984017352756e-01 5.580953672885006212e-01 2.000000000000000000e+00
5.909462407099412840e-01 6.723693483504302737e-01 2.000000000000000000e+00
6.856133303593953121e-01 6.636950422935503635e-01 2.000000000000000000e+00
6.421612750311407325e-01 7.722558022908965203e-01 2.000000000000000000e+00
5.439784511352900864e-01 6.920822700267735827e-01 2.000000000000000000e+00
3.686570062024141503e-01 6.336954147831725948e-01 2.000000000000000000e+00
5.686706236887838495e-01 5.796617008992499542e-01 2.000000000000000000e+00
5.933662277549551778e-01 7.777166019080150594e-01 2.000000000000000000e+00
5.613985642888589256e-01 8.023861215477335884e-01 2.000000000000000000e+00
5.960984988355554348e-01 7.104386694634696742e-01 2.000000000000000000e+00
6.279709041416912108e-01 7.999937772597754959e-01 2.000000000000000000e+00
4.510163860967374982e-01 6.117751266646538344e-01 2.000000000000000000e+00
3.530438430960853302e-01 5.690814787417209919e-01 2.000000000000000000e+00
5.559371404269011219e-01 6.271288452054204487e-01 2.000000000000000000e+00
7.010237062796477181e-01 7.931622572488890022e-01 2.000000000000000000e+00
6.598570276775628241e-01 7.321782802562970538e-01 2.000000000000000000e+00
4.868603496205365366e-01 8.624315257049491867e-01 2.000000000000000000e+00
4.147260259988724829e-01 3.694329169160089354e-01 2.000000000000000000e+00
5.749663142953799211e-01 5.334450772435832544e-01 2.000000000000000000e+00
3.739673077583519079e-01 7.484226330127113913e-01 2.000000000000000000e+00
5.288374424676742791e-01 7.460637688434166304e-01 2.000000000000000000e+00
3.376871194233572737e-01 7.328295970755932531e-01 2.000000000000000000e+00
5.809420997939136466e-01 8.000700961454598747e-01 2.000000000000000000e+00
6.772143253382348904e-01 6.265625674300965287e-01 2.000000000000000000e+00
3.711860855326845066e-01 6.179290503246435140e-01 2.000000000000000000e+00
6.595418285112141232e-01 7.169546252392141605e-01 2.000000000000000000e+00
5.747985244258667636e-01 6.403483287426608994e-01 2.000000000000000000e+00
4.447272619308542674e-01 6.941881734036648988e-01 2.000000000000000000e+00
6.752630588937107436e-01 6.750044991531214400e-01 2.000000000000000000e+00
5.198362394343617465e-01 4.950709502382574789e-01 2.000000000000000000e+00
4.640606791827047162e-01 6.979419559864812328e-01 2.000000000000000000e+00
7.936986275949827752e-01 7.954094140933231083e-01 2.000000000000000000e+00
5.474123127194068239e-01 8.189434221294761285e-01 2.000000000000000000e+00
5.352712789228658563e-01 5.128148026333653187e-01 2.000000000000000000e+00
6.182445445976914034e-01 7.722052916718978866e-01 2.000000000000000000e+00
5.342781007748481636e-01 6.835984039808901125e-01 2.000000000000000000e+00
3.148325175762885508e-01 5.112791353177419396e-01 2.000000000000000000e+00
4.719868993662596490e-01 6.434842549208820150e-01 2.000000000000000000e+00
3.847065128776691045e-01 6.734536974521851960e-01 2.000000000000000000e+00
5.682886579384105463e-01 9.175277006954923875e-01 2.000000000000000000e+00
4.749907377603184155e-01 5.504827472447436643e-01 2.000000000000000000e+00
4.274845345548135001e-01 6.876133164027895539e-01 2.000000000000000000e+00
5.675326374243107042e-01 6.837921182067958625e-01 2.000000000000000000e+00
6.372242389004583174e-01 5.863141342954258928e-01 2.000000000000000000e+00
5.474871842050278437e-01 6.179559355149507605e-01 2.000000000000000000e+00
7.105580110751171796e-01 7.747896207904839683e-01 2.000000000000000000e+00
7.073970219277156968e-01 9.467297861855248353e-01 2.000000000000000000e+00
5.010503423344616625e-01 5.874559100223714081e-01 2.000000000000000000e+00
5.730863064304750898e-01 6.589341637250102357e-01 2.000000000000000000e+00
4.026736230148663109e-01 5.230288378087587509e-01 2.000000000000000000e+00
6.040558370519518716e-01 7.564544871206905219e-01 2.000000000000000000e+00
7.316863790490829578e-01 6.964682156227467447e-01 2.000000000000000000e+00
7.121123597241098002e-01 7.740793831201430164e-01 2.000000000000000000e+00
6.121133092633865846e-01 8.432838724775770789e-01 2.000000000000000000e+00
5.485918088366198431e-01 7.504108747992115358e-01 2.000000000000000000e+00
3.536123638609365849e-01 7.087385219761714872e-01 2.000000000000000000e+00
5.086314371995314110e-01 4.670374989446660630e-01 2.000000000000000000e+00
6.788872017822273897e-01 8.194531295898002110e-01 2.000000000000000000e+00
2.450055121368204525e-01 6.839513181205045811e-01 2.000000000000000000e+00
4.305786667111946575e-01 7.268929741995451277e-01 2.000000000000000000e+00
6.128055731941666195e-01 7.976268783398197115e-01 2.000000000000000000e+00
4.614369525665616423e-01 6.543584248080722698e-01 2.000000000000000000e+00
6.060073035269696318e-01 7.217679286895959390e-01 2.000000000000000000e+00
6.148344328198113162e-01 6.161997874560319888e-01 2.000000000000000000e+00
3.384327810290098659e-01 6.607589391350366936e-01 2.000000000000000000e+00
5.592554620449851077e-01 7.040705146599343101e-01 2.000000000000000000e+00
4.579722521686469539e-01 6.972397672705514804e-01 2.000000000000000000e+00
5.666067706065746057e-01 8.551493098111125901e-01 2.000000000000000000e+00
6.685720278371670711e-01 8.221124868781520822e-01 2.000000000000000000e+00
4.980280158970539772e-01 6.181659561956834859e-01 2.000000000000000000e+00
5.796763936824587127e-01 7.195167287158014124e-01 2.000000000000000000e+00
4.363180275852268641e-01 8.269989715838766964e-01 2.000000000000000000e+00
3.874536891888955004e-01 4.657485270215344086e-01 2.000000000000000000e+00
4.828539557508857438e-01 5.657843313732788815e-01 2.000000000000000000e+00
5.756741943439389608e-01 6.578067212655142049e-01 2.000000000000000000e+00
6.100765300312862571e-01 6.284430933650250184e-01 2.000000000000000000e+00
5.222805248195826477e-01 6.798999026550427427e-01 2.000000000000000000e+00
5.091504477840179677e-01 8.542994834871557863e-01 2.000000000000000000e+00
6.905095261624879521e-01 7.031701174021340872e-01 2.000000000000000000e+00
4.205561697953070777e-01 6.560860900782756744e-01 2.000000000000000000e+00
4.682812681558573553e-01 5.620561784491212576e-01 2.000000000000000000e+00
3.657084443385668626e-01 7.412524444896366749e-01 2.000000000000000000e+00
4.523926003015765751e-01 6.538940281261685916e-01 2.000000000000000000e+00
3.803581179554369474e-01 6.824306735340697205e-01 2.000000000000000000e+00
6.053998212778192167e-01 7.327917402824174475e-01 2.000000000000000000e+00
6.352166063903967874e-01 9.095599175621540411e-01 2.000000000000000000e+00
3.756762193365446034e-01 6.519118660961015221e-01 2.000000000000000000e+00
6.327732093203013441e-01 7.368934289258185499e-01 2.000000000000000000e+00
6.204954211177103884e-01 7.997695281130160483e-01 2.000000000000000000e+00
3.836139732824498938e-01 6.100187436879467295e-01 2.000000000000000000e+00
2.362976635484556054e-01 6.293323661311505113e-01 2.000000000000000000e+00
5.006218363622916279e-01 6.754477742685218722e-01 2.000000000000000000e+00
6.137148873302149532e-01 6.703055156027027950e-01 2.000000000000000000e+00
4.710200346578517494e-01 5.782405026201556941e-01 2.000000000000000000e+00
5.396234352225237618e-01 5.855692094380817725e-01 2.000000000000000000e+00
7.420590458257989575e-01 6.700672361028334745e-01 2.000000000000000000e+00
9.172544281075353245e-01 7.638382542864764480e-01 2.000000000000000000e+00
5.581587491728495776e-01 5.951736766937901768e-01 2.000000000000000000e+00
5.503515978849842227e-01 6.958729041802951265e-01 2.000000000000000000e+00
4.766374589904097125e-01 6.191153856611496531e-01 2.000000000000000000e+00
6.858251272461073356e-01 5.602879836474913278e-01 2.000000000000000000e+00
5.655278524530262807e-01 6.985338084796506308e-01 2.000000000000000000e+00
3.235106577015230966e-01 6.639847519246959706e-01 2.000000000000000000e+00
5.550455979143964491e-01 4.930270814122302281e-01 2.000000000000000000e+00
5.499101639627355098e-01 6.421464700097651024e-01 2.000000000000000000e+00
4.489297185860578465e-01 4.886354536851580943e-01 2.000000000000000000e+00
3.562845841375134048e-01 6.677021778542319153e-01 2.000000000000000000e+00
5.461918421957443481e-01 8.523241930456074700e-01 2.000000000000000000e+00
4.360727729266467012e-01 7.733904229912158534e-01 2.000000000000000000e+00
7.038807348754652082e-01 6.033763585091636017e-01 2.000000000000000000e+00
6.066849925348954953e-01 7.137145992597416777e-01 2.000000000000000000e+00
4.630010258417218694e-01 6.121612702521900262e-01 2.000000000000000000e+00
6.438195935481680898e-01 7.731553058316088523e-01 2.000000000000000000e+00
5.585285712251563117e-01 6.463540907738779540e-01 2.000000000000000000e+00
6.870193577471693791e-01 6.166313750268271887e-01 2.000000000000000000e+00
4.681519071700816492e-01 7.422448116483290059e-01 2.000000000000000000e+00
4.541848509020341429e-01 7.663040041140459779e-01 2.000000000000000000e+00
4.521959169951740298e-01 6.373435220672212242e-01 2.000000000000000000e+00
7.375490432164948373e-01 7.174014355003206500e-01 2.000000000000000000e+00
4.647020949725415018e-01 6.244082218171581600e-01 2.000000000000000000e+00
7.666378626454370959e-01 8.313996768185445418e-01 2.000000000000000000e+00
5.807430550013896742e-01 6.455753974667216566e-01 2.000000000000000000e+00
5.905375302559814354e-01 6.994643916441666276e-01 2.000000000000000000e+00
6.922190619811139367e-01 7.835242464803949813e-01 2.000000000000000000e+00
5.290630370536532068e-01 7.003699151709196213e-01 2.000000000000000000e+00
5.936534587426000042e-01 6.372969171750701989e-01 2.000000000000000000e+00
5.205823426567496304e-01 8.361652773267125305e-01 2.000000000000000000e+00
7.481226250532402311e-01 8.138213005486139018e-01 2.000000000000000000e+00
6.806628842880858565e-01 6.282568622457198604e-01 2.000000000000000000e+00
3.903741311382259438e-01 5.823885121515922636e-01 2.000000000000000000e+00
5.807132421702458913e-01 6.913904776281138975e-01 2.000000000000000000e+00
5.132822065949221857e-01 8.322745681900031167e-01 2.000000000000000000e+00
6.414208122770458376e-01 6.734283830930020143e-01 2.000000000000000000e+00
5.173561811282774148e-01 7.519012178189268258e-01 2.000000000000000000e+00
6.349216506789642223e-01 6.116333180817419279e-01 2.000000000000000000e+00
3.969848842610827488e-01 7.235361387261536326e-01 2.000000000000000000e+00
5.693966502375100713e-01 5.390710743917515035e-01 2.000000000000000000e+00
4.692524171648914111e-01 7.628636187448235573e-01 2.000000000000000000e+00
5.822012442353265982e-01 8.446823629053749061e-01 2.000000000000000000e+00
6.688017682796739694e-01 7.756196306716075517e-01 2.000000000000000000e+00
6.879211973108806388e-01 4.325671816858644436e-01 2.000000000000000000e+00
7.790065018810379271e-01 6.911645080888915160e-01 2.000000000000000000e+00
5.754656490814954450e-01 8.229649688975037014e-01 2.000000000000000000e+00
7.150048004252953504e-01 8.110176232522338102e-01 2.000000000000000000e+00
5.584299226571599606e-01 5.942498563957379076e-01 2.000000000000000000e+00
6.225345645300534025e-01 7.042173771782205272e-01 2.000000000000000000e+00
5.144028559078153151e-01 7.907396702327996740e-01 2.000000000000000000e+00
6.945924484355160411e-01 8.351967130294036812e-01 2.000000000000000000e+00
5.421886123112314992e-01 6.641125360819569723e-01 2.000000000000000000e+00
2.878345284811542615e-01 6.172332942848338666e-01 2.000000000000000000e+00
4.614528330065180706e-01 8.117414894191360419e-01 2.000000000000000000e+00
5.106346456175190340e-01 8.031978200969163151e-01 2.000000000000000000e+00
5.339939850182781056e-01 5.908996666130891251e-01 2.000000000000000000e+00
5.528987392260485967e-01 6.221209577112217781e-01 2.000000000000000000e+00
4.987638712762931248e-01 7.639027589630839055e-01 2.000000000000000000e+00
4.154898328639942684e-01 6.200340442795349016e-01 2.000000000000000000e+00
4.899665245891284826e-01 5.587369398147080668e-01 2.000000000000000000e+00
3.106697028886301615e-01 6.298641707804486511e-01 2.000000000000000000e+00
4.694282307536515875e-01 5.916941339839756342e-01 2.000000000000000000e+00
6.362689243723983479e-01 7.144171663140646000e-01 2.000000000000000000e+00
3.747376460112949448e-01 5.285872625923049295e-01 2.000000000000000000e+00
4.062337566199881178e-01 7.267395805738954273e-01 2.000000000000000000e+00
7.032285493443281021e-01 7.666351244037242774e-01 2.000000000000000000e+00
5.851775458893415660e-01 7.030603790341355408e-01 2.000000000000000000e+00
6.637983298460612414e-01 8.213793718772079977e-01 2.000000000000000000e+00
4.956625020566981510e-01 5.839719085186515501e-01 2.000000000000000000e+00
3.916718098349122879e-01 8.484505928132693997e-01 2.000000000000000000e+00
5.494043780291230084e-01 8.025639417358018113e-01 2.000000000000000000e+00
4.970218595281166718e-01 5.931594546966186821e-01 2.000000000000000000e+00
5.690214994797987424e-01 6.421876196952768234e-01 2.000000000000000000e+00
5.424268242255256833e-01 6.771669013342321852e-01 2.000000000000000000e+00
4.832715769769465042e-01 7.580335073426005543e-01 2.000000000000000000e+00
6.208796161045985196e-01 7.680846440439780265e-01 2.000000000000000000e+00
5.011834935851560147e-01 7.369687859362759053e-01 2.000000000000000000e+00
5.685826388509396256e-01 6.374991193527450584e-01 2.000000000000000000e+00
4.671764885802840994e-01 7.299871096618401056e-01 2.000000000000000000e+00
4.474515128930564578e-01 8.737553769868138254e-01 2.000000000000000000e+00
5.675672696456997013e-01 1.000000000000000000e+00 2.000000000000000000e+00
5.844413201593674501e-01 6.995233462897513244e-01 2.000000000000000000e+00
4.996200337372518341e-01 6.090547248015218962e-01 2.000000000000000000e+00
3.811027576408865802e-01 6.219832058814699360e-01 2.000000000000000000e+00
5.518844696733351540e-01 7.509870514956444865e-01 2.000000000000000000e+00
6.092865450756244083e-01 6.905488575867335665e-01 2.000000000000000000e+00
5.831509895083808459e-01 6.908066994883952372e-01 2.000000000000000000e+00
4.959120074231371245e-01 5.495724990806568622e-01 2.000000000000000000e+00
5.231189750233270486e-01 5.999992351534766399e-01 2.000000000000000000e+00
4.968773377533882152e-01 7.426312333549975886e-01 2.000000000000000000e+00
6.357402242885488164e-01 6.020299398803183877e-01 2.000000000000000000e+00
6.766130106817238588e-01 8.071029374248210875e-01 2.000000000000000000e+00
6.165407479551900938e-01 4.969678802348013735e-01 2.000000000000000000e+00
6.024419413178507821e-01 7.909890591720282194e-01 2.000000000000000000e+00
4.759746266535046511e-01 9.328540831158967928e-01 2.000000000000000000e+00
3.877297997148861364e-01 5.300162144688442822e-01 2.000000000000000000e+00
5.822357708465376591e-01 6.652218002268006636e-01 2.000000000000000000e+00
7.119312414792468013e-01 6.387614981396971814e-01 2.000000000000000000e+00
7.853915782958006409e-01 6.471812801754360800e-01 2.000000000000000000e+00
5.678782751897207826e-01 6.351818358298182421e-01 2.000000000000000000e+00
4.323954146191266168e-01 8.160069096282018819e-01 2.000000000000000000e+00
6.006288006897456677e-01 8.408719271226229308e-01 2.000000000000000000e+00
5.587267586435045175e-01 6.271635590123911808e-01 2.000000000000000000e+00
5.306900686262301381e-01 6.511108707964056164e-01 2.000000000000000000e+00
5.095731220314977383e-01 5.809345544370159153e-01 2.000000000000000000e+00
5.869267463191343293e-01 8.390189213905244747e-01 2.000000000000000000e+00
5.153475064761413593e-01 6.477295165835621482e-01 2.000000000000000000e+00
5.594300870943211823e-01 6.351410588033054028e-01 2.000000000000000000e+00
6.212720949087802147e-01 8.219522298192909471e-01 2.000000000000000000e+00
5.703787432116680378e-01 7.111280852234795891e-01 2.000000000000000000e+00
5.912040729442071818e-01 9.988524040988935315e-01 2.000000000000000000e+00
4.911691682676366799e-01 5.644361376579961620e-01 2.000000000000000000e+00
4.413866217389488256e-01 6.444773767056162228e-01 2.000000000000000000e+00
4.368572549906496461e-01 7.269944538057426797e-01 2.000000000000000000e+00
5.606164261496773271e-01 6.438402991665536090e-01 2.000000000000000000e+00
4.606447013587688932e-01 8.523632771713415268e-01 2.000000000000000000e+00
5.638417316067079188e-01 7.724590443546095475e-01 2.000000000000000000e+00
5.779945836702882200e-01 8.367534860309012723e-01 2.000000000000000000e+00
6.174554618593652844e-01 7.534356429226493068e-01 2.000000000000000000e+00
4.847383017920403048e-01 8.431611888803761667e-01 2.000000000000000000e+00
2.987375541993249062e-01 4.803445106494120265e-01 1.000000000000000000e+00
5.969329323357972505e-01 5.918009291531396432e-01 1.000000000000000000e+00
4.896613735282447921e-01 5.663617456317845411e-01 1.000000000000000000e+00
4.436139075153274214e-01 5.977174182331240759e-01 1.000000000000000000e+00
5.130587877927230700e-01 5.421480017269767471e-01 1.000000000000000000e+00
5.513410809598371376e-01 4.099466623303701929e-01 1.000000000000000000e+00
3.994973489094112429e-01 2.780367246562297501e-01 1.000000000000000000e+00
5.184747397437524663e-01 4.339525431417484147e-01 1.000000000000000000e+00
5.629004607524961123e-01 5.505317968956893182e-01 1.000000000000000000e+00
4.615632838893992118e-01 2.308219997046226102e-01 1.000000000000000000e+00
6.604885773801160154e-01 5.055767581445942405e-01 1.000000000000000000e+00
6.400454105321642384e-01 4.712086155182508840e-01 1.000000000000000000e+00
5.452433709089110625e-01 5.364940015603766321e-01 1.000000000000000000e+00
4.653288701279652551e-01 3.690945454993370123e-01 1.000000000000000000e+00
3.303877428089783685e-01 4.976912696773833078e-01 1.000000000000000000e+00
3.845625840854784983e-01 3.536640424169705810e-01 1.000000000000000000e+00
2.598640158776107656e-01 2.965313465671604587e-01 1.000000000000000000e+00
5.695533850867987580e-01 6.643250287602684434e-01 1.000000000000000000e+00
4.311955477241994905e-01 5.274001677792281573e-01 1.000000000000000000e+00
4.399696687238673354e-01 5.083119298183272905e-01 1.000000000000000000e+00
5.499271565248708971e-01 6.317038092565276930e-01 1.000000000000000000e+00
5.271264215966218192e-01 5.145635085910713613e-01 1.000000000000000000e+00
5.100194129627189099e-01 4.057453873784613863e-01 1.000000000000000000e+00
4.379947401362787596e-01 4.274857376193031966e-01 1.000000000000000000e+00
6.964584873482767557e-01 5.658922588110266716e-01 1.000000000000000000e+00
6.512526848413853209e-01 5.067187804436120713e-01 1.000000000000000000e+00
5.772651133449462346e-01 3.754571838165031150e-01 1.000000000000000000e+00
5.343414943659458016e-01 7.102509708586568493e-01 1.000000000000000000e+00
6.037842164182248839e-01 4.916415206368378588e-01 1.000000000000000000e+00
3.763965332026385502e-01 5.552954794864829458e-01 1.000000000000000000e+00
4.196491067986765633e-01 4.071299823396848372e-01 1.000000000000000000e+00
4.765299795087051260e-01 4.381543704857897570e-01 1.000000000000000000e+00
5.646244213048388083e-01 5.055399221105393304e-01 1.000000000000000000e+00
6.022495293144300987e-01 6.419892485559687278e-01 1.000000000000000000e+00
3.045517540723119421e-01 5.589361567005742826e-01 1.000000000000000000e+00
5.276461304355630766e-01 3.425408348060129393e-01 1.000000000000000000e+00
3.133221325120937872e-01 3.252334585095823516e-01 1.000000000000000000e+00
3.776148381394522913e-01 4.117043611310529094e-01 1.000000000000000000e+00
4.126189027023549061e-01 5.373662198938411461e-01 1.000000000000000000e+00
5.187134083772440007e-01 5.872858762787696030e-01 1.000000000000000000e+00
2.706425538205049497e-01 4.728861487550169440e-01 1.000000000000000000e+00
4.470513381003565212e-01 6.339349749319712624e-01 1.000000000000000000e+00
4.634257898192764569e-01 4.870905683765653360e-01 1.000000000000000000e+00
5.257575410864037124e-01 4.658180890761135506e-01 1.000000000000000000e+00
3.863249242932809135e-01 5.361758722654217379e-01 1.000000000000000000e+00
3.993632057983503292e-01 4.763420221700273016e-01 1.000000000000000000e+00
6.087051608079390164e-01 4.790499303418111476e-01 1.000000000000000000e+00
4.107942941468774034e-01 5.968117913991932699e-01 1.000000000000000000e+00
5.262876801836728902e-01 3.994789726211685488e-01 1.000000000000000000e+00
7.381564630299224383e-01 5.254982750326259167e-01 1.000000000000000000e+00
4.895967703540493599e-01 5.288751592060044748e-01 1.000000000000000000e+00
5.420924301936749234e-01 3.805016550741203152e-01 1.000000000000000000e+00
2.960290822661019727e-01 4.932423820696877903e-01 1.000000000000000000e+00
4.082080397795094240e-01 7.783051393151111386e-01 1.000000000000000000e+00
4.786375569028137322e-01 4.125364033425653054e-01 1.000000000000000000e+00
6.499250635877861226e-01 5.660102260619510606e-01 1.000000000000000000e+00
6.211657531339653815e-01 4.984437228386031649e-01 1.000000000000000000e+00
5.149165168223902578e-01 5.401190682339651605e-01 1.000000000000000000e+00
4.756510543085157861e-01 5.886939884531386946e-01 1.000000000000000000e+00
3.278148629616483567e-01 3.734356823144047710e-01 1.000000000000000000e+00
5.942767133223215703e-01 4.667904304810442939e-01 1.000000000000000000e+00
2.977627115260920165e-01 5.878415082112979917e-01 1.000000000000000000e+00
4.648617237817054826e-01 4.972154774029463598e-01 1.000000000000000000e+00
2.925509626524126494e-01 5.393505879331020880e-01 1.000000000000000000e+00
5.311217028631087800e-01 5.556980035788965377e-01 1.000000000000000000e+00
5.049424581148990177e-01 4.307780713079772950e-01 1.000000000000000000e+00
4.658308906620595713e-01 4.729056693148084856e-01 1.000000000000000000e+00
6.726763341593980927e-01 3.417676387342998279e-01 1.000000000000000000e+00
3.775838252012506113e-01 4.565744351238667509e-01 1.000000000000000000e+00
4.204340438461737217e-01 3.162909594057590756e-01 1.000000000000000000e+00
2.599150806353044962e-01 3.420835822004855697e-01 1.000000000000000000e+00
3.334686500206587856e-01 6.648563160509671777e-01 1.000000000000000000e+00
4.707499688008378036e-01 5.942137580793501739e-01 1.000000000000000000e+00
5.008292996367211813e-01 5.391844252129889270e-01 1.000000000000000000e+00
4.182462284344845016e-01 4.482186377450277925e-01 1.000000000000000000e+00
4.945742746980554272e-01 5.740517910002345126e-01 1.000000000000000000e+00
6.523934320948170384e-01 3.735317857477035153e-01 1.000000000000000000e+00
5.973385277887057754e-01 5.560457307461437182e-01 1.000000000000000000e+00
4.859965862639334944e-01 4.722745743018165188e-01 1.000000000000000000e+00
5.553246141213334930e-01 5.303804343809012112e-01 1.000000000000000000e+00
5.064272686505663090e-01 5.695490373165644771e-01 1.000000000000000000e+00
4.857752498179284673e-01 6.290758116213034379e-01 1.000000000000000000e+00
4.868386138163747767e-01 4.347613921078238297e-01 1.000000000000000000e+00
5.530953652021006750e-01 2.467629804663784565e-01 1.000000000000000000e+00
3.977252641101477471e-01 4.539920108216446426e-01 1.000000000000000000e+00
5.957256891162877599e-01 5.386004301708202657e-01 1.000000000000000000e+00
3.162029463398076667e-01 4.056896464127820456e-01 1.000000000000000000e+00
5.426001538912955668e-01 4.771721245374796472e-01 1.000000000000000000e+00
5.669668774149686508e-01 4.690290146613004807e-01 1.000000000000000000e+00
5.052690648334188239e-01 4.698857782835843544e-01 1.000000000000000000e+00
4.777726562564889590e-01 4.925951754029080365e-01 1.000000000000000000e+00
4.216766778140585981e-01 6.000149389474982442e-01 1.000000000000000000e+00
4.189060174759564603e-01 4.513870788396739941e-01 1.000000000000000000e+00
4.458820952855620523e-01 6.623516150305692740e-01 1.000000000000000000e+00
7.070012526694627875e-01 5.673932510239053650e-01 1.000000000000000000e+00
4.940235357062080501e-01 8.077532848699479073e-01 1.000000000000000000e+00
5.647840502686031217e-01 5.490375417262277624e-01 1.000000000000000000e+00
7.195854458488664118e-01 7.108435355796350885e-01 1.000000000000000000e+00
6.579580312153320287e-01 5.566779497361324935e-01 1.000000000000000000e+00
6.576972659144043609e-01 4.612239903812627162e-01 1.000000000000000000e+00
3.938644507049738896e-01 5.986789452153085112e-01 1.000000000000000000e+00
3.625755185729755969e-01 6.174394288904386796e-01 1.000000000000000000e+00
4.447073517710491419e-01 4.936013994624239287e-01 1.000000000000000000e+00
3.990738865022825932e-01 6.076403693829131036e-01 1.000000000000000000e+00
2.223484916131023836e-01 3.034870435353037021e-01 1.000000000000000000e+00
5.442742975338820122e-01 5.951290268455622368e-01 1.000000000000000000e+00
3.682261400927993589e-01 3.684469461774561583e-01 1.000000000000000000e+00
5.765602019935130995e-01 5.541778722892279907e-01 1.000000000000000000e+00
4.907964363707339461e-01 4.720478480910758612e-01 1.000000000000000000e+00
4.392227228246410875e-01 5.550210345894129871e-01 1.000000000000000000e+00
4.313407980942762232e-01 5.239386350759217548e-01 1.000000000000000000e+00
5.145591593740318492e-01 4.142442076793435013e-01 1.000000000000000000e+00
6.403100735440847568e-01 5.989874021858762054e-01 1.000000000000000000e+00
5.561626913434996045e-01 5.059487296463678341e-01 1.000000000000000000e+00
4.099072021179360203e-01 5.187073702947303522e-01 1.000000000000000000e+00
6.137025740688555331e-01 4.273052812457481253e-01 1.000000000000000000e+00
2.843341575635540686e-01 3.716240540141556581e-01 1.000000000000000000e+00
4.396784868423094239e-01 4.035934252874431305e-01 1.000000000000000000e+00
4.965457147303427576e-01 6.147434127485918998e-01 1.000000000000000000e+00
5.275593411159847923e-01 3.922475979163842497e-01 1.000000000000000000e+00
4.741092935566873501e-01 4.721331286567705954e-01 1.000000000000000000e+00
3.430785774039650793e-01 2.752857652448987280e-01 1.000000000000000000e+00
5.358141363170345617e-01 5.446569192070023213e-01 1.000000000000000000e+00
4.067506134046200983e-01 4.615333771584578249e-01 1.000000000000000000e+00
5.511520380722925161e-01 4.418501012421022778e-01 1.000000000000000000e+00
6.311625994398676331e-01 5.341114071037349476e-01 1.000000000000000000e+00
2.994170728393727443e-01 3.940559518862494781e-01 1.000000000000000000e+00
4.269032440690163632e-01 6.211672878061509362e-01 1.000000000000000000e+00
3.835372353189104855e-01 4.144183372139345067e-01 1.000000000000000000e+00
5.349395347129523026e-01 4.038728351616905909e-01 1.000000000000000000e+00
3.856512539917626436e-01 4.337882972130133186e-01 1.000000000000000000e+00
4.230581039077885297e-01 3.154648358525929397e-01 1.000000000000000000e+00
4.483495984985836902e-01 3.532480912660058703e-01 1.000000000000000000e+00
5.582809507526665938e-01 4.686478554256720552e-01 1.000000000000000000e+00
5.253391029500261711e-01 5.234742996321292141e-01 1.000000000000000000e+00
4.305755396253121980e-01 2.312871002841201395e-01 1.000000000000000000e+00
3.979599754818173851e-01 4.491044392905043092e-01 1.000000000000000000e+00
3.115175662679866009e-01 3.887198469495550812e-01 1.000000000000000000e+00
4.035258204766029033e-01 3.947985395954132226e-01 1.000000000000000000e+00
2.699713350360949393e-01 5.813105808365314209e-01 1.000000000000000000e+00
5.466992076759434882e-01 4.328042815834417523e-01 1.000000000000000000e+00
5.594972150221863005e-01 6.973207744793936680e-01 1.000000000000000000e+00
4.031620278750167596e-01 5.871116155213997878e-01 1.000000000000000000e+00
5.000819335145650912e-01 5.703984931024780325e-01 1.000000000000000000e+00
5.029811262994456911e-01 5.641615641492162547e-01 1.000000000000000000e+00
4.244993338249264947e-01 3.276804003025191592e-01 1.000000000000000000e+00
5.894726023147275340e-01 3.766872194584140465e-01 1.000000000000000000e+00
5.570022799757630150e-01 4.340526779770386145e-01 1.000000000000000000e+00
3.796276060336188363e-01 3.591969681177322182e-01 1.000000000000000000e+00
7.243929856449651261e-01 6.724145054024215362e-01 1.000000000000000000e+00
6.078507802506845081e-01 4.073244944631426723e-01 1.000000000000000000e+00
4.403786904817876269e-01 4.761888108591344482e-01 1.000000000000000000e+00
5.477925943231077843e-01 3.718525305070471965e-01 1.000000000000000000e+00
4.099695099129163633e-01 3.253709002388305294e-01 1.000000000000000000e+00
4.374227708583383056e-01 4.909619518308357411e-01 1.000000000000000000e+00
4.550181657392206591e-01 5.219759591007003818e-01 1.000000000000000000e+00
3.971929861646405491e-01 3.063121563746942777e-01 1.000000000000000000e+00
5.426908030889530110e-01 6.352396158200533938e-01 1.000000000000000000e+00
4.416716859199990575e-01 3.344605154176368833e-01 1.000000000000000000e+00
3.968973959222809600e-01 3.359512124016135193e-01 1.000000000000000000e+00
3.425183143997764246e-01 3.361141701057001607e-01 1.000000000000000000e+00
4.797685645665526466e-01 3.633280169418763861e-01 1.000000000000000000e+00
3.343663459711749830e-01 4.928611459492417968e-01 1.000000000000000000e+00
3.971961547985797258e-01 4.098155078235433124e-01 1.000000000000000000e+00
5.594995432343780051e-01 3.490507315612303429e-01 1.000000000000000000e+00
3.958829808119204707e-01 4.678658802766116898e-01 1.000000000000000000e+00
4.999018250048221645e-01 4.917515847298116749e-01 1.000000000000000000e+00
3.320764947435069225e-01 3.003738087075150665e-01 1.000000000000000000e+00
3.853462650180032867e-01 4.277889672543398469e-01 1.000000000000000000e+00
4.831272035538311527e-01 5.119479924334643384e-01 1.000000000000000000e+00
4.526883840852036767e-01 4.894134519085071022e-01 1.000000000000000000e+00
5.675446576266350851e-01 3.831717441186363038e-01 1.000000000000000000e+00
3.355559141000212242e-01 4.996411576229962126e-01 1.000000000000000000e+00
3.306411233562190910e-01 2.605393121792321520e-01 1.000000000000000000e+00
4.481501043196068346e-01 4.778372550652453810e-01 1.000000000000000000e+00
5.221903297479746353e-01 4.130181811199069575e-01 1.000000000000000000e+00
4.150972705284159958e-01 4.179519489084613237e-01 1.000000000000000000e+00
4.317739845777731622e-01 3.346346713002179563e-01 1.000000000000000000e+00
5.496799861336182369e-01 3.256063364677291294e-01 1.000000000000000000e+00
4.300717299290773288e-01 6.047158747557341840e-01 1.000000000000000000e+00
4.748445331263697056e-01 4.537462287902939706e-01 1.000000000000000000e+00
5.942887225037054577e-01 5.752837375093482475e-01 1.000000000000000000e+00
2.481233616388532626e-01 3.853486607320064650e-01 1.000000000000000000e+00
4.162111655820019962e-01 5.443441588260383712e-01 1.000000000000000000e+00
4.069015977101818615e-01 3.855933309861145908e-01 1.000000000000000000e+00
3.057093232290247764e-01 3.321502273247680104e-01 1.000000000000000000e+00
6.116939455235437251e-01 5.832439912240412472e-01 1.000000000000000000e+00
5.441968265843347696e-01 5.570862316994400487e-01 1.000000000000000000e+00
6.575475859289400260e-01 5.300794047337520354e-01 1.000000000000000000e+00
4.301401862568937640e-01 5.763223165705461115e-01 1.000000000000000000e+00
3.071308017890080899e-01 4.531743653787446147e-01 1.000000000000000000e+00
7.075938762326658971e-01 4.059504678119956744e-01 1.000000000000000000e+00
4.010091302546072156e-01 4.040463016727814383e-01 1.000000000000000000e+00
5.768609134463678068e-01 5.775439658862747683e-01 1.000000000000000000e+00
5.295339445310842663e-01 4.216834535131022688e-01 1.000000000000000000e+00
4.960471117657765938e-01 7.137747885567083950e-01 1.000000000000000000e+00
3.415749622350188752e-01 4.910631821783148498e-01 1.000000000000000000e+00
5.814618847235810684e-01 3.885164685798939699e-01 1.000000000000000000e+00
3.137612565303268819e-01 5.113031009645313540e-01 1.000000000000000000e+00
4.588470411358129275e-01 4.585843701530123440e-01 1.000000000000000000e+00
6.827427629133518971e-01 4.924352678344294243e-01 1.000000000000000000e+00
5.761888597129658507e-01 7.034582959211281850e-01 1.000000000000000000e+00
4.041496308795079484e-01 3.798021903547760258e-01 1.000000000000000000e+00
4.406574921037339498e-01 4.669055803640789204e-01 1.000000000000000000e+00
6.477304046081667765e-01 6.140983772571279031e-01 1.000000000000000000e+00
5.221146260216212864e-01 2.278410006193185566e-01 1.000000000000000000e+00
4.839788623451528604e-01 4.828073679135915230e-01 1.000000000000000000e+00
5.157745048247417419e-01 1.931979400618051845e-01 1.000000000000000000e+00
5.804289576254260119e-01 5.371964590170842380e-01 1.000000000000000000e+00
6.375435821800760072e-01 5.031821288446368667e-01 1.000000000000000000e+00
6.951848297085818640e-01 6.359706331400322155e-01 1.000000000000000000e+00
4.199481822064776715e-01 6.072470106279493907e-01 1.000000000000000000e+00
4.461381207097210311e-01 4.552058729519020130e-01 1.000000000000000000e+00
4.548894797818446856e-01 6.051944088887107887e-01 1.000000000000000000e+00
3.664246592134826619e-01 4.475544321818024640e-01 1.000000000000000000e+00
4.713925522782591582e-01 5.534742072103947530e-01 1.000000000000000000e+00
6.093037243783094858e-01 5.097929316587967996e-01 1.000000000000000000e+00
4.090043423965496472e-01 4.744539960980959092e-01 1.000000000000000000e+00
4.695346533151676383e-01 3.816242573840231134e-01 1.000000000000000000e+00
6.677453055564658291e-01 5.042924061936441271e-01 1.000000000000000000e+00
3.590168907710278301e-01 4.222782800689579563e-01 1.000000000000000000e+00
5.686073036801599923e-01 4.145894232844001825e-01 1.000000000000000000e+00
2.836982981605644105e-01 5.055236529307040039e-01 1.000000000000000000e+00
3.094904112949226072e-01 3.052907914877874274e-01 1.000000000000000000e+00
4.404201044401523379e-01 4.090793452366492389e-01 1.000000000000000000e+00
4.050116678343735344e-01 4.759688347888518800e-01 1.000000000000000000e+00
3.905317962748864336e-01 4.207296725979505769e-01 1.000000000000000000e+00
4.968339254214175216e-01 4.888946629117947862e-01 1.000000000000000000e+00
5.042733502407141799e-01 6.275392392399680164e-01 1.000000000000000000e+00
6.126151165275127708e-01 5.419387662398782446e-01 1.000000000000000000e+00
3.497232036261809229e-01 4.827874739669268389e-01 1.000000000000000000e+00
5.421957590540422700e-01 6.649542761633538968e-01 1.000000000000000000e+00
4.453233244730098739e-01 3.757234170130496764e-01 1.000000000000000000e+00
3.682945171479820035e-01 4.149707991690969600e-01 1.000000000000000000e+00
5.590071548376156496e-01 6.320436650838551218e-01 1.000000000000000000e+00
6.954171156327256798e-01 4.510690522416078152e-01 1.000000000000000000e+00
5.400475999685365736e-01 6.405027046013608283e-01 1.000000000000000000e+00
4.990458688711050250e-01 4.779329199782890725e-01 1.000000000000000000e+00
5.387683298904866191e-01 5.657260390588838561e-01 1.000000000000000000e+00
4.419275933087127295e-01 6.327042975904169086e-01 1.000000000000000000e+00
5.987101653361088793e-01 4.295488140809810007e-01 1.000000000000000000e+00
2.463202377563764589e-01 3.835677947003242050e-01 1.000000000000000000e+00
3.963887223864774323e-01 5.325694890986100161e-01 1.000000000000000000e+00
5.009824791352235351e-01 3.846550559539395620e-01 1.000000000000000000e+00
6.118937326624843687e-01 6.419556124281677878e-01 1.000000000000000000e+00
4.416741888940549643e-01 5.524624241058991858e-01 1.000000000000000000e+00
5.984391540403172227e-01 4.138487833632494284e-01 1.000000000000000000e+00
5.150967294587656120e-01 4.143732380628564194e-01 1.000000000000000000e+00
4.276681677976805762e-01 5.089987775985360674e-01 1.000000000000000000e+00
4.613647115073835070e-01 5.557769565938323053e-01 1.000000000000000000e+00
4.373887569487597271e-01 4.925544455602672289e-01 1.000000000000000000e+00
3.210152678264884263e-01 5.891016168019376220e-01 1.000000000000000000e+00
4.677250364869715016e-01 3.922237650135203535e-01 1.000000000000000000e+00
4.299813753515841497e-01 4.541646694823517350e-01 1.000000000000000000e+00
5.207563853300248846e-01 3.079820581912733335e-01 1.000000000000000000e+00
7.601523680462958232e-01 3.680500005486627702e-01 1.000000000000000000e+00
4.396869864007877382e-01 4.155292533754922357e-01 1.000000000000000000e+00
4.351952953424993442e-01 5.550823760249111727e-01 1.000000000000000000e+00
3.092405945961290148e-01 5.776990856629773408e-01 1.000000000000000000e+00
4.499917675777719839e-01 5.715761772400208551e-01 1.000000000000000000e+00
5.046479384085127418e-01 4.237880534870868132e-01 1.000000000000000000e+00
4.994485192094029191e-01 3.244710541380577684e-01 1.000000000000000000e+00
4.751665765633875105e-01 5.456627895094185998e-01 1.000000000000000000e+00
3.827301754835266134e-01 4.127672466499699433e-01 1.000000000000000000e+00
6.757423844020093995e-01 5.479241478484536687e-01 1.000000000000000000e+00
5.570645492444987745e-01 3.780017847516377594e-01 1.000000000000000000e+00
4.347132196389534298e-01 2.914399288412354849e-01 1.000000000000000000e+00
4.755933170529202392e-01 6.532786549153503097e-01 1.000000000000000000e+00
4.779808088662511056e-01 4.124662769335826762e-01 1.000000000000000000e+00
3.848737995082710528e-01 5.471647577973172138e-01 1.000000000000000000e+00
5.118032502690667007e-01 4.347378743450192040e-01 1.000000000000000000e+00
3.611260362784500244e-01 5.476853795908603884e-01 1.000000000000000000e+00
5.935129685494294760e-01 3.168963740595391321e-01 1.000000000000000000e+00
5.337743266663090846e-01 3.884025586767295701e-01 1.000000000000000000e+00
6.820714588027111391e-01 6.126367416663148768e-01 1.000000000000000000e+00
5.790475244300253843e-01 2.449672523575227578e-01 1.000000000000000000e+00
7.520458001160919004e-01 4.824654890264231666e-01 1.000000000000000000e+00
4.528411207594573162e-01 5.486327923056441014e-01 1.000000000000000000e+00
3.236667405759899863e-01 5.126462772887575570e-01 1.000000000000000000e+00
4.854728596642665650e-01 4.218151730721571013e-01 1.000000000000000000e+00
4.533043000727098870e-01 4.905573022088497992e-01 1.000000000000000000e+00
2.924417348109679127e-01 4.889759070315726763e-01 1.000000000000000000e+00
2.572038743951499673e-01 2.488000368523315409e-01 1.000000000000000000e+00
4.844343051312767767e-01 6.115274944604309759e-01 1.000000000000000000e+00
4.775126248621917036e-01 4.672351342314217115e-01 1.000000000000000000e+00
5.812456025929128023e-01 3.497280967311945932e-01 1.000000000000000000e+00
4.988271948502139286e-01 4.190753602828117819e-01 1.000000000000000000e+00
7.208673763467504658e-01 5.386669734839286683e-01 1.000000000000000000e+00
4.819410094125103905e-01 3.578895861826953406e-01 1.000000000000000000e+00
3.323946282512724171e-01 4.404176948829282012e-01 1.000000000000000000e+00
4.043360149565943251e-01 4.579794114671100203e-01 1.000000000000000000e+00
6.182698316059249688e-01 3.855190551732323723e-01 1.000000000000000000e+00
5.496403468971969852e-01 4.802317167860574720e-01 1.000000000000000000e+00
2.474131291657384324e-01 3.768478159879898315e-01 1.000000000000000000e+00
3.863903946982785720e-01 4.552787329201208877e-01 1.000000000000000000e+00
6.399453387368871926e-01 2.688077361722460701e-01 1.000000000000000000e+00
4.071966033300025156e-01 4.094947092975911862e-01 1.000000000000000000e+00
4.014888183745087824e-01 3.391731346244681866e-01 1.000000000000000000e+00
3.344601456208382007e-01 4.138526911493394245e-01 1.000000000000000000e+00
3.491410553650231563e-01 3.432034243922743033e-01 1.000000000000000000e+00
4.923863383603976351e-01 6.251853077120974600e-01 1.000000000000000000e+00
4.536693265723859003e-01 4.780414210079253490e-01 1.000000000000000000e+00
5.640772127303065320e-01 3.153372561883001635e-01 1.000000000000000000e+00
5.243104888885151693e-01 6.111340120180199786e-01 1.000000000000000000e+00
3.618140434277430373e-01 5.002351692760537150e-01 1.000000000000000000e+00
5.072906509109879059e-01 3.547454168957827059e-01 1.000000000000000000e+00
5.145697334482224328e-01 6.278634780791462200e-01 1.000000000000000000e+00
4.500620808222781655e-01 3.257916162779499469e-01 1.000000000000000000e+00
4.269545556192425595e-01 4.872670276289682856e-01 1.000000000000000000e+00
6.463631695846236980e-01 4.612921821112223597e-01 1.000000000000000000e+00
4.857877813554679625e-01 3.708222472997554919e-01 1.000000000000000000e+00
5.003718104727534755e-01 4.537146269882138538e-01 1.000000000000000000e+00
2.575003364196226663e-01 6.033380186861709849e-01 1.000000000000000000e+00
3.838155065680609601e-01 6.884100499753654789e-01 1.000000000000000000e+00
4.054843721729156081e-01 5.989534606183166687e-01 1.000000000000000000e+00
4.802257987125536642e-01 4.767408290873785259e-01 1.000000000000000000e+00
5.502268868566272397e-01 6.052387526269836782e-01 1.000000000000000000e+00
3.887748608306706433e-01 4.229673124066373191e-01 1.000000000000000000e+00
4.623260068563597724e-01 2.414759244050313503e-01 1.000000000000000000e+00
5.107484461011929655e-01 7.425438400744395206e-01 1.000000000000000000e+00
6.490307687590803898e-01 4.818178012832663448e-01 1.000000000000000000e+00
4.946381568798089989e-01 4.272240478750836679e-01 1.000000000000000000e+00
4.782227049511703632e-01 4.182532230650886085e-01 1.000000000000000000e+00
4.409614260974684674e-01 3.917252110414076727e-01 1.000000000000000000e+00
5.636800470045904010e-01 6.077431420576047127e-01 1.000000000000000000e+00
4.664856113701492668e-01 4.961577284540935051e-01 1.000000000000000000e+00
4.583323339983836897e-01 4.902442526080107998e-01 1.000000000000000000e+00
4.667026622163853444e-01 5.051923486967927479e-01 1.000000000000000000e+00
3.787207588409035042e-01 5.496064916434660885e-01 1.000000000000000000e+00
6.240080264270275734e-01 5.217130025871583587e-01 1.000000000000000000e+00
4.806502639617269423e-01 5.278141976658945467e-01 1.000000000000000000e+00
4.366617632124791815e-01 5.276085612938943292e-01 1.000000000000000000e+00
5.559007778806986932e-01 5.135772429325051736e-01 1.000000000000000000e+00
6.499837030419041151e-01 4.401489397487751143e-01 1.000000000000000000e+00
3.096695482839176838e-01 3.484393114792555535e-01 1.000000000000000000e+00
4.747482467864303501e-01 3.654232647784145804e-01 1.000000000000000000e+00
4.690188153439315277e-01 5.099519360629747311e-01 1.000000000000000000e+00
4.652566152966571278e-01 4.863561293894150261e-01 1.000000000000000000e+00
2.822310285983401501e-01 5.151343730466320103e-01 1.000000000000000000e+00
3.410667692958938013e-01 4.713054351293884392e-01 1.000000000000000000e+00
5.943507049550194044e-01 4.250304115732913002e-01 1.000000000000000000e+00
5.121591421549634982e-01 3.647152124403492124e-01 1.000000000000000000e+00
5.132304993162469797e-01 4.178729275657026565e-01 1.000000000000000000e+00
2.898430409393797924e-01 3.306509630607950556e-01 1.000000000000000000e+00
5.518637807795704342e-01 5.331587263491951445e-01 1.000000000000000000e+00
3.702139477265538603e-01 6.228448284109919797e-01 1.000000000000000000e+00
3.716821419006129390e-01 2.701349170661247467e-01 1.000000000000000000e+00
5.132175972579708922e-01 4.580480088616091794e-01 1.000000000000000000e+00
3.956568876003919710e-01 4.029762882656982570e-01 1.000000000000000000e+00
3.264801913041661119e-01 5.083718280940237033e-01 1.000000000000000000e+00
6.213477378431151443e-01 4.907776481123082291e-01 1.000000000000000000e+00
3.895583493755522264e-01 5.198587010621797955e-01 1.000000000000000000e+00
5.326699580456846217e-01 4.472671737085924248e-01 1.000000000000000000e+00
5.752790746459205407e-01 4.846403403854150915e-01 1.000000000000000000e+00
6.222423656783417911e-01 4.739248617113108186e-01 1.000000000000000000e+00
4.758290383931334522e-01 2.875849118506991209e-01 1.000000000000000000e+00
5.350122938371403292e-01 3.642179240633790505e-01 1.000000000000000000e+00
5.730173443413575374e-01 6.450671407670709456e-01 1.000000000000000000e+00
5.800113129427448833e-01 5.251271136933067796e-01 1.000000000000000000e+00
5.267067602946898797e-01 3.709168627864395384e-01 1.000000000000000000e+00
5.003742064866000261e-01 5.398446945928301322e-01 1.000000000000000000e+00
4.711294551220167603e-01 5.018126897603737424e-01 1.000000000000000000e+00
4.066214812099394060e-01 4.981125454247918305e-01 1.000000000000000000e+00
5.343836813846017941e-01 4.629826900853493132e-01 1.000000000000000000e+00
2.296025570468409605e-01 4.550499029055284361e-01 1.000000000000000000e+00
5.058441963402311448e-01 4.189081098702477912e-01 1.000000000000000000e+00
6.216598572091346364e-01 5.085353312336768905e-01 1.000000000000000000e+00
4.409238003395887229e-01 4.604254186443220709e-01 1.000000000000000000e+00
6.183281354272036623e-01 5.784820842340249181e-01 1.000000000000000000e+00
5.463126704260330424e-01 4.494635932911902332e-01 1.000000000000000000e+00
4.414487766080834596e-01 6.880835916549786768e-01 1.000000000000000000e+00
6.981281211957862665e-01 4.553079229025727703e-01 1.000000000000000000e+00
4.309878595889315989e-01 5.271379937973124097e-01 1.000000000000000000e+00
5.166197856521858034e-01 3.791835487702119312e-01 1.000000000000000000e+00
4.850455744800610813e-01 4.930940360591568039e-01 1.000000000000000000e+00
4.337030273006428072e-01 4.242822127059444615e-01 1.000000000000000000e+00
4.375465331667940383e-01 3.105696556853107526e-01 1.000000000000000000e+00
3.862448773939594071e-01 5.437745400892328718e-01 1.000000000000000000e+00
2.050110494881337286e-01 2.514476501084682569e-01 0.000000000000000000e+00
2.727965963643700364e-01 4.332022136062407824e-01 0.000000000000000000e+00
2.515463393170048190e-01 1.560573519693825573e-01 0.000000000000000000e+00
2.219162686102380266e-01 4.679647930283264423e-01 0.000000000000000000e+00
4.236555846106914713e-01 3.847460277425365782e-01 0.000000000000000000e+00
1.493179254831856484e-01 3.346444663464295810e-01 0.000000000000000000e+00
3.528426932024219531e-01 3.744701443281470143e-01 0.000000000000000000e+00
2.395880133804265677e-01 1.753309964160174594e-01 0.000000000000000000e+00
2.140708123464604706e-01 3.185807844177313553e-01 0.000000000000000000e+00
4.154339478182114687e-01 3.581354569025400059e-01 0.000000000000000000e+00
4.397842699505196129e-01 2.687730252969655065e-01 0.000000000000000000e+00
2.741409807370457918e-01 3.454880267470659683e-01 0.000000000000000000e+00
1.843324247369359514e-01 3.755163412048895810e-01 0.000000000000000000e+00
3.619849429545640707e-01 3.707427580521366339e-01 0.000000000000000000e+00
2.964329915399762649e-01 5.177461294106462386e-01 0.000000000000000000e+00
2.366939095793550718e-01 2.951877492774390710e-01 0.000000000000000000e+00
2.914270893327846612e-01 2.247906598638334530e-01 0.000000000000000000e+00
2.790659187578302114e-01 1.652648833574513476e-01 0.000000000000000000e+00
3.488516609750582642e-01 4.077368864365941703e-01 0.000000000000000000e+00
3.888535377415645589e-01 3.462655114892999597e-01 0.000000000000000000e+00
2.041265817376997360e-01 3.828941060262242013e-01 0.000000000000000000e+00
2.300292323476572087e-01 2.636703292644695940e-01 0.000000000000000000e+00
2.032815066784617042e-01 4.586393415730096734e-01 0.000000000000000000e+00
4.039353969421632939e-01 4.131454398048138299e-01 0.000000000000000000e+00
3.481975362272264896e-01 4.692817164861066703e-01 0.000000000000000000e+00
1.962576985662621287e-01 3.740892505321932737e-01 0.000000000000000000e+00
3.500605783380872915e-01 4.679107986838390021e-01 0.000000000000000000e+00
2.550177607637794108e-01 2.078596334954947999e-01 0.000000000000000000e+00
3.930151828166230654e-01 4.230157988126065360e-01 0.000000000000000000e+00
3.211232675547261994e-01 1.478238152910183179e-01 0.000000000000000000e+00
3.359707538743610944e-01 3.990015199006631819e-01 0.000000000000000000e+00
3.210129660372937899e-01 3.237430397859124565e-01 0.000000000000000000e+00
2.399666647591149338e-01 2.394391820160686746e-01 0.000000000000000000e+00
4.135695874125776550e-01 4.298005624966520499e-01 0.000000000000000000e+00
1.308727590002708718e-01 2.738887279628648419e-01 0.000000000000000000e+00
8.927100271475260640e-02 1.315944740607523367e-01 0.000000000000000000e+00
2.914433271792363223e-01 1.793843789544037615e-01 0.000000000000000000e+00
4.216672477273964437e-01 3.565663044652646607e-01 0.000000000000000000e+00
2.324518210989939548e-01 1.861871566846318160e-01 0.000000000000000000e+00
3.948191298421405149e-01 4.278769897496787489e-01 0.000000000000000000e+00
2.394700626558163015e-01 4.015761100996079747e-01 0.000000000000000000e+00
4.245868930110454631e-01 3.938186369162345879e-01 0.000000000000000000e+00
2.455576327572599193e-01 4.452757218991731936e-01 0.000000000000000000e+00
2.418631152506478532e-01 3.927259627961873223e-01 0.000000000000000000e+00
4.732161690317265301e-01 3.228047384542035436e-01 0.000000000000000000e+00
2.170293514716210015e-01 1.518778322476195819e-01 0.000000000000000000e+00
2.637588611984875153e-01 4.043056919912409453e-01 0.000000000000000000e+00
3.571059034804394128e-01 3.639292597338315560e-01 0.000000000000000000e+00
1.832555319574857844e-01 2.661319911613293510e-01 0.000000000000000000e+00
1.471157964603030388e-01 2.107575072194374788e-01 0.000000000000000000e+00
1.725642463115884540e-01 2.898742137915704675e-01 0.000000000000000000e+00
3.856295189106312971e-01 3.071620627849925289e-01 0.000000000000000000e+00
1.492112068167809613e-01 2.027608315229837699e-01 0.000000000000000000e+00
3.580727662386434806e-01 5.088730953569980953e-02 0.000000000000000000e+00
3.567920499648231658e-01 5.580218086133923450e-01 0.000000000000000000e+00
2.765504606169232882e-01 2.452118511935718614e-01 0.000000000000000000e+00
4.971681219595266432e-01 3.728451461319547966e-01 0.000000000000000000e+00
4.473986916847403905e-01 5.308761551689887837e-01 0.000000000000000000e+00
1.482308556836034186e-01 2.336676530517078076e-01 0.000000000000000000e+00
4.608927903093207323e-01 3.158581957949461727e-01 0.000000000000000000e+00
2.425224419825990074e-01 3.186428080778074268e-01 0.000000000000000000e+00
2.521807761860119235e-01 2.134485123420103159e-01 0.000000000000000000e+00
3.819254646046953416e-01 3.894223939715770189e-01 0.000000000000000000e+00
3.145264001695884382e-01 3.730049979677969585e-01 0.000000000000000000e+00
3.598651813723920956e-01 3.514279625196488621e-01 0.000000000000000000e+00
1.896032480035226842e-01 4.439890850651468934e-01 0.000000000000000000e+00
1.577426200026034453e-01 1.341957074980525133e-01 0.000000000000000000e+00
3.447344873356874562e-01 3.704224100721110191e-01 0.000000000000000000e+00
1.775047572571368248e-01 2.155135627568331158e-01 0.000000000000000000e+00
1.561551414963345263e-01 1.266003423822679164e-01 0.000000000000000000e+00
2.105283014025281507e-01 2.919032881457632733e-01 0.000000000000000000e+00
2.956144381945086108e-01 2.306519420106118989e-01 0.000000000000000000e+00
2.750944288306200747e-01 3.219351666623337938e-01 0.000000000000000000e+00
2.475961554630262962e-01 2.060410481503121283e-01 0.000000000000000000e+00
3.516569921888434425e-01 3.871293719070644235e-01 0.000000000000000000e+00
1.669969846944398539e-01 3.563226747582328713e-01 0.000000000000000000e+00
3.036043924776937741e-01 4.203236246721261393e-01 0.000000000000000000e+00
4.112146592389460120e-01 4.522358341390708136e-01 0.000000000000000000e+00
3.082728664157241560e-01 2.975599871545112074e-01 0.000000000000000000e+00
3.200790480788356374e-01 5.223885534621155458e-01 0.000000000000000000e+00
3.076838431312655109e-01 2.239499248862112102e-01 0.000000000000000000e+00
2.864381479006042341e-01 2.172222774393547939e-01 0.000000000000000000e+00
1.932872153869837906e-01 3.804867276040540536e-01 0.000000000000000000e+00
2.169852806088151398e-01 4.161931093685493632e-01 0.000000000000000000e+00
2.609960451961323424e-01 1.445228252308326244e-01 0.000000000000000000e+00
3.350980934179458304e-01 4.158834624656818635e-01 0.000000000000000000e+00
1.861859707703423517e-01 3.048823487082938377e-01 0.000000000000000000e+00
2.873658411357425946e-01 3.216610434611943958e-01 0.000000000000000000e+00
3.125223293979784711e-01 3.914509442285362129e-01 0.000000000000000000e+00
3.056139009745474922e-01 2.437678096874028588e-01 0.000000000000000000e+00
4.036979131866114678e-01 2.626660000305703346e-01 0.000000000000000000e+00
2.683307010856464392e-01 1.526370917231488211e-01 0.000000000000000000e+00
2.800809924143166652e-01 2.314430912273140323e-02 0.000000000000000000e+00
3.733887463127155137e-01 3.884394680138729128e-01 0.000000000000000000e+00
3.242324387293871735e-01 2.554238168673836906e-01 0.000000000000000000e+00
3.514090170573946903e-01 9.576497854011081778e-02 0.000000000000000000e+00
3.576863050417825041e-01 3.756976857555489602e-01 0.000000000000000000e+00
1.845288965692814531e-01 1.582391933478981827e-01 0.000000000000000000e+00
2.906213223195318607e-01 4.880225580129723961e-01 0.000000000000000000e+00
3.366853264830093062e-01 3.500887133064726764e-01 0.000000000000000000e+00
2.865664609571148547e-01 2.052664846953968503e-01 0.000000000000000000e+00
3.170547866103166912e-02 0.000000000000000000e+00 0.000000000000000000e+00
4.780242151498163006e-01 3.419527406580161744e-01 0.000000000000000000e+00
2.262976733457510159e-01 4.378368992970849138e-01 0.000000000000000000e+00
2.178490344356796837e-01 3.906373861414207949e-01 0.000000000000000000e+00
3.558284184547053641e-01 2.111467570720027831e-01 0.000000000000000000e+00
4.738993112434234378e-01 3.022340981245996705e-01 0.000000000000000000e+00
2.241363847072234960e-01 2.753305549296938270e-01 0.000000000000000000e+00
2.154450447889192932e-01 4.590218734386187771e-01 0.000000000000000000e+00
2.468137008452704895e-01 1.408106650320360975e-01 0.000000000000000000e+00
2.722039770659033242e-01 3.224256138209123934e-01 0.000000000000000000e+00
1.850083045422556138e-01 2.551369389210140226e-01 0.000000000000000000e+00
3.148147995955535294e-01 3.381681715421120948e-01 0.000000000000000000e+00
3.923322789081762907e-01 1.898375491636297707e-01 0.000000000000000000e+00
4.197121852460001246e-01 4.321972943483439189e-01 0.000000000000000000e+00
4.413757306172456651e-01 1.871956635754145615e-01 0.000000000000000000e+00
2.987740444009385210e-01 1.793299294404495370e-01 0.000000000000000000e+00
3.448656139317791691e-01 4.070789024760801955e-01 0.000000000000000000e+00
3.102440968052796455e-01 3.005530984239586645e-01 0.000000000000000000e+00
4.018907640872421139e-01 1.885609283557497518e-01 0.000000000000000000e+00
2.180892559896009664e-01 2.073809154730058835e-01 0.000000000000000000e+00
4.025292202166402267e-01 3.406878259996866110e-01 0.000000000000000000e+00
1.274817416914330315e-01 1.722200956645216774e-01 0.000000000000000000e+00
2.812223035818257055e-01 2.165855977868945403e-01 0.000000000000000000e+00
2.902845090958490748e-01 3.057434484790308438e-01 0.000000000000000000e+00
3.899681672050990811e-01 2.386921426296871596e-01 0.000000000000000000e+00
1.516572519108874417e-01 2.949637581366120198e-01 0.000000000000000000e+00
4.180080805224683504e-01 4.461355978753551166e-01 0.000000000000000000e+00
3.345991596507958410e-01 1.661257033595417154e-01 0.000000000000000000e+00
3.253578929341732762e-01 2.173037392351390984e-01 0.000000000000000000e+00
2.103289842476007698e-01 4.716389498869856811e-01 0.000000000000000000e+00
2.516800917858054709e-01 2.707744569774745980e-01 0.000000000000000000e+00
3.619547838804121342e-01 1.465567764044089782e-01 0.000000000000000000e+00
2.862933295486440599e-01 2.889035889089608400e-01 0.000000000000000000e+00
2.051619456734515845e-01 3.359966372383319522e-01 0.000000000000000000e+00
1.502997684702145065e-01 4.442334765386274920e-01 0.000000000000000000e+00
3.055353755756545775e-01 3.681895507652225841e-01 0.000000000000000000e+00
3.747206904780273073e-01 3.483868455148251275e-01 0.000000000000000000e+00
3.696870816613614941e-01 1.635869134677672421e-01 0.000000000000000000e+00
1.266637453683724934e-01 2.165910290287479389e-01 0.000000000000000000e+00
2.103800773178927663e-01 2.024948838475108259e-01 0.000000000000000000e+00
2.896612687358898208e-01 5.005339823919476849e-01 0.000000000000000000e+00
1.596179568315555242e-01 4.091388427752869483e-01 0.000000000000000000e+00
4.928652588814644298e-01 1.798330938247765798e-01 0.000000000000000000e+00
2.552871562786695470e-01 3.287454417779624438e-01 0.000000000000000000e+00
6.264538262648464140e-02 3.360670162726511756e-01 0.000000000000000000e+00
2.010217290538022505e-01 4.304485838383482199e-01 0.000000000000000000e+00
2.625104010680419653e-01 4.049931450334954830e-01 0.000000000000000000e+00
3.033047661138112416e-01 4.170210495045909016e-01 0.000000000000000000e+00
4.143906985715852809e-01 4.394038348381082981e-01 0.000000000000000000e+00
2.349845446035232210e-01 2.342114961529548900e-01 0.000000000000000000e+00
2.560514466970283398e-01 1.285018479349080978e-01 0.000000000000000000e+00
3.402044227271406318e-01 3.221918181592293151e-01 0.000000000000000000e+00
2.599451701707515272e-01 6.643939853636800230e-02 0.000000000000000000e+00
3.144502310718799709e-01 1.653281919627403729e-01 0.000000000000000000e+00
3.506326479265639562e-01 3.828836956965219196e-01 0.000000000000000000e+00
3.838709755803568768e-01 4.034055337188937052e-01 0.000000000000000000e+00
3.333951113119404397e-01 1.945038725345253627e-01 0.000000000000000000e+00
3.230703863401149789e-01 3.226210694851486815e-01 0.000000000000000000e+00
1.621573292205123473e-01 3.148743159120064861e-01 0.000000000000000000e+00
1.636487022750654774e-01 1.322679098773830719e-01 0.000000000000000000e+00
2.754052032683987350e-01 4.694177845396831916e-01 0.000000000000000000e+00
4.342649775704698900e-01 4.701235638695842045e-01 0.000000000000000000e+00
2.234016012745350666e-01 3.554956003619583749e-01 0.000000000000000000e+00
5.753868623980833430e-01 2.763931836457579339e-01 0.000000000000000000e+00
3.310597107324559363e-01 1.678364392712065889e-01 0.000000000000000000e+00
2.145287304041652299e-01 3.529992498453323746e-01 0.000000000000000000e+00
3.660440450201596363e-01 1.810537583565631492e-01 0.000000000000000000e+00
3.926870083572805981e-01 2.068686351681038871e-01 0.000000000000000000e+00
4.768571227929599976e-01 2.523299705689847072e-01 0.000000000000000000e+00
2.869858528431405986e-01 2.577457981766340667e-01 0.000000000000000000e+00
4.106059162476737856e-01 4.795932830152642157e-01 0.000000000000000000e+00
3.366860996604126854e-01 1.973141444712260273e-01 0.000000000000000000e+00
1.671374115705085150e-01 4.816433513182955539e-01 0.000000000000000000e+00
3.543251179906135584e-01 3.632444169365919295e-01 0.000000000000000000e+00
2.069956877418094865e-01 2.490364869501648926e-01 0.000000000000000000e+00
2.916073672930523109e-01 3.081125081327663051e-01 0.000000000000000000e+00
4.317208849183146735e-01 2.442020882427871353e-01 0.000000000000000000e+00
5.251911878974314662e-01 4.725368759800328555e-01 0.000000000000000000e+00
2.702171054224710711e-01 2.960483475103490303e-01 0.000000000000000000e+00
3.554641334588160562e-01 1.637567425811467803e-01 0.000000000000000000e+00
2.193622684862965300e-01 3.935310777907997104e-01 0.000000000000000000e+00
4.428367294884189564e-01 3.296661044348691560e-01 0.000000000000000000e+00
3.000754683133491363e-01 3.461797380002568647e-01 0.000000000000000000e+00
1.003415165025761391e-01 3.956446289530961280e-02 0.000000000000000000e+00
3.881119920585257566e-01 4.023129994027026535e-01 0.000000000000000000e+00
2.378180695167628478e-01 3.535766041583024433e-01 0.000000000000000000e+00
4.076013667355818382e-01 3.690830709822693900e-01 0.000000000000000000e+00
3.581293727612508415e-01 4.246958358020137131e-02 0.000000000000000000e+00
5.250926983982878715e-01 4.060589925519069165e-01 0.000000000000000000e+00
3.254336444982707244e-01 5.139500062838067151e-01 0.000000000000000000e+00
1.866911243856446065e-02 1.451633274497039494e-01 0.000000000000000000e+00
2.209662264366223927e-01 2.440814715900876952e-01 0.000000000000000000e+00
3.829389768652558534e-01 2.169859730214539206e-01 0.000000000000000000e+00
2.022693836323557759e-01 1.722701809156066688e-01 0.000000000000000000e+00
1.320295892282111749e-01 3.845666175922300978e-01 0.000000000000000000e+00
2.615169498942496173e-01 2.525372204541072585e-01 0.000000000000000000e+00
3.057836345852664173e-01 3.893349634810597815e-01 0.000000000000000000e+00
2.821957127457407899e-01 1.466334559119630843e-01 0.000000000000000000e+00
3.347251091777004861e-01 3.255080341862183202e-01 0.000000000000000000e+00
1.912239995470162435e-01 4.554709339551293867e-01 0.000000000000000000e+00
1.638959284116325021e-01 3.867273882587997091e-01 0.000000000000000000e+00
1.945604168793592659e-01 2.759621415320997473e-01 0.000000000000000000e+00
1.421643611948672226e-01 2.023027074037641038e-01 0.000000000000000000e+00
3.816218600749839984e-01 2.863225648341308771e-01 0.000000000000000000e+00
3.422467515483528788e-01 3.338468938241930806e-01 0.000000000000000000e+00
3.742713646407010986e-01 3.725633747442105292e-01 0.000000000000000000e+00
3.715010264837845244e-01 3.223041899417622425e-01 0.000000000000000000e+00
2.470455747872465635e-01 9.898466292324148430e-02 0.000000000000000000e+00
3.396099912209248894e-01 5.132804586413657333e-01 0.000000000000000000e+00
2.302188281562987104e-01 4.803736630680425779e-01 0.000000000000000000e+00
2.954903720688132340e-01 4.500869448968646824e-01 0.000000000000000000e+00
1.855046903825787741e-01 2.756387109396998270e-01 0.000000000000000000e+00
2.392692914414311367e-01 2.758379719684586062e-01 0.000000000000000000e+00
3.580218327004631718e-01 2.741052246315007213e-01 0.000000000000000000e+00
3.428533767307447855e-01 2.237094309025250971e-01 0.000000000000000000e+00
4.466117770555299571e-01 2.714014881428626902e-01 0.000000000000000000e+00
4.254860591912802414e-01 2.425283927342470613e-01 0.000000000000000000e+00
3.425344686928299964e-01 4.020163563264634865e-01 0.000000000000000000e+00
3.011676857048016243e-01 1.742826781405568404e-01 0.000000000000000000e+00
3.434324081063285794e-01 3.073319043576315246e-01 0.000000000000000000e+00
2.943159770703656086e-01 3.019019656731390944e-01 0.000000000000000000e+00
1.961533948986781684e-01 1.297540863952065804e-01 0.000000000000000000e+00
4.824565030805634258e-01 2.309144122583600967e-01 0.000000000000000000e+00
4.230272875240728148e-01 2.693351342143961991e-01 0.000000000000000000e+00
4.187508605371145776e-01 4.527559783967421425e-01 0.000000000000000000e+00
4.092654327793580071e-01 2.445180413188954571e-01 0.000000000000000000e+00
2.894364066678068448e-01 4.009771247584676956e-01 0.000000000000000000e+00
2.635558577426246885e-01 4.779096318345076311e-01 0.000000000000000000e+00
3.640032841022429744e-01 3.098302854266127282e-01 0.000000000000000000e+00
1.850259098522588908e-01 2.925702924498976149e-02 0.000000000000000000e+00
1.788281514067182887e-01 4.701340207443321928e-01 0.000000000000000000e+00
2.401527261822618831e-01 2.346131006814387576e-01 0.000000000000000000e+00
4.365853873121792739e-01 4.284073177058639326e-01 0.000000000000000000e+00
1.823153825665637662e-01 3.209440195367483928e-01 0.000000000000000000e+00
1.074066770819063349e-01 3.648621342736144690e-01 0.000000000000000000e+00
4.688188639527521295e-01 3.583525404048576446e-01 0.000000000000000000e+00
2.541441965293411709e-01 3.930784615856059427e-01 0.000000000000000000e+00
4.527014909862496217e-01 3.828142222948289208e-01 0.000000000000000000e+00
3.820574288463201573e-01 1.472594547697954337e-01 0.000000000000000000e+00
2.929740547355601521e-01 1.301424391729589236e-01 0.000000000000000000e+00
2.113948852695652358e-01 3.284579348772948548e-01 0.000000000000000000e+00
3.451730514423629326e-01 5.411645077942134341e-01 0.000000000000000000e+00
1.470954025288733202e-01 1.699076366365723789e-01 0.000000000000000000e+00
1.292409255898950005e-01 3.516948654920198925e-01 0.000000000000000000e+00
2.535443875607870656e-01 2.857938910204863570e-01 0.000000000000000000e+00
2.086143400772301482e-01 2.148900781252207626e-01 0.000000000000000000e+00
1.124841767339166548e-01 1.587972936293201853e-01 0.000000000000000000e+00
4.061645005837009048e-01 9.132379425321741906e-02 0.000000000000000000e+00
4.387824698117372413e-01 3.926533426648253222e-01 0.000000000000000000e+00
2.981469071159837392e-01 4.395668542641252285e-01 0.000000000000000000e+00
5.313448732679803416e-02 1.191142806859091935e-01 0.000000000000000000e+00
3.990686900299753037e-01 2.673092798125836778e-01 0.000000000000000000e+00
3.472640921267835523e-01 2.841054309222427743e-01 0.000000000000000000e+00
2.007347316152526817e-01 2.110568001393639537e-01 0.000000000000000000e+00
2.465845391201287318e-01 3.787485303739659415e-01 0.000000000000000000e+00
1.746095091927635790e-01 4.258711381299652987e-01 0.000000000000000000e+00
3.307273366421464855e-01 2.861550834127025711e-01 0.000000000000000000e+00
3.254111590750553562e-01 2.505622848418319615e-01 0.000000000000000000e+00
4.818333161284183985e-01 4.470260884451990879e-01 0.000000000000000000e+00
2.196902068320906454e-01 1.622331900158578977e-01 0.000000000000000000e+00
1.728535147520652293e-01 3.793677910641169992e-01 0.000000000000000000e+00
4.432307209818858174e-01 3.557793135775136339e-01 0.000000000000000000e+00
2.544007234566332820e-01 1.715227444695760772e-01 0.000000000000000000e+00
4.894201318359803210e-01 3.585779308998868764e-01 0.000000000000000000e+00
4.451164157695671753e-01 2.488939713117336860e-01 0.000000000000000000e+00
2.755391419887900928e-01 1.920788923086129696e-01 0.000000000000000000e+00
5.185371223870166579e-01 4.580656042018501628e-01 0.000000000000000000e+00
4.520277597853374352e-01 4.089230411401118537e-01 0.000000000000000000e+00
4.649690382055581273e-01 3.175257587419846317e-01 0.000000000000000000e+00
3.868503980615308202e-01 4.735439258306996524e-01 0.000000000000000000e+00
3.641860421803707060e-01 1.301207009524262548e-01 0.000000000000000000e+00
1.746666554382675651e-01 4.126613299587111872e-01 0.000000000000000000e+00
2.746396679694327880e-01 3.250890100147111883e-01 0.000000000000000000e+00
3.667096577017628922e-01 5.995868113454914106e-01 0.000000000000000000e+00
2.795098724255374867e-01 3.453365627009868377e-01 0.000000000000000000e+00
3.882251100376100661e-01 3.896009460666651769e-01 0.000000000000000000e+00
4.405251685421370800e-01 2.708906568679174121e-01 0.000000000000000000e+00
1.442453876537503621e-01 3.357806902672945681e-01 0.000000000000000000e+00
2.749701911791830877e-01 5.302855158108812361e-01 0.000000000000000000e+00
2.321759658559104378e-01 2.564653158868127614e-01 0.000000000000000000e+00
1.158196087182898487e-01 3.245073089028625568e-01 0.000000000000000000e+00
3.540639163080358531e-01 2.167201745614717734e-01 0.000000000000000000e+00
4.056916655465241939e-01 5.431565077222807103e-04 0.000000000000000000e+00
5.117728365866953677e-01 4.365353014211563187e-01 0.000000000000000000e+00
4.365611517321563162e-01 4.948843042602626419e-01 0.000000000000000000e+00
4.695914886270366462e-01 4.055701016128995806e-01 0.000000000000000000e+00
2.174988501637767635e-01 3.285911685270575533e-01 0.000000000000000000e+00
3.140186794407880955e-01 2.477221752603362137e-01 0.000000000000000000e+00
3.266357645590530212e-01 1.883757011800120118e-01 0.000000000000000000e+00
3.716007483878387974e-01 5.052440084873131010e-01 0.000000000000000000e+00
1.159301104421343737e-01 4.745068976895780444e-01 0.000000000000000000e+00
2.839694688283173063e-01 3.106574272071289111e-01 0.000000000000000000e+00
3.680981109196762024e-01 2.403583515242588287e-01 0.000000000000000000e+00
5.691163498746550919e-01 3.940786391436235103e-01 0.000000000000000000e+00
2.365739336781979285e-01 4.132795962074065077e-01 0.000000000000000000e+00
1.670534414685105884e-01 2.378028144687567291e-01 0.000000000000000000e+00
2.467818626884855926e-01 3.317342471019121275e-01 0.000000000000000000e+00
3.586831316864348973e-01 2.622703390389415357e-01 0.000000000000000000e+00
2.650000887030600216e-01 2.532848807641842059e-01 0.000000000000000000e+00
4.428335868751818172e-01 2.952699468524893067e-01 0.000000000000000000e+00
3.162114830709825686e-01 1.950628255448698667e-01 0.000000000000000000e+00
2.044033162344893739e-01 4.266873038815658381e-01 0.000000000000000000e+00
2.895543691987066404e-01 4.603766687573067062e-01 0.000000000000000000e+00
1.958304473252416300e-01 3.246034598024526985e-01 0.000000000000000000e+00
2.606584664244822602e-01 2.755026187611967492e-01 0.000000000000000000e+00
3.728117266312328537e-01 3.934585261819043001e-01 0.000000000000000000e+00
4.536528729954956152e-01 3.046065447126110604e-01 0.000000000000000000e+00
5.274121921529699719e-01 3.428889606538571000e-01 0.000000000000000000e+00
3.031627206606818947e-01 4.118875150604656143e-01 0.000000000000000000e+00
2.427057807549150292e-01 2.731684097167373926e-01 0.000000000000000000e+00
4.075983991870600898e-01 4.536895009873895268e-01 0.000000000000000000e+00
2.186626132200304995e-01 4.065441379305035907e-01 0.000000000000000000e+00
2.927418432520785263e-01 3.870819213061766906e-01 0.000000000000000000e+00
4.483015850477519715e-01 3.686749879869624658e-01 0.000000000000000000e+00
2.251938221823216180e-01 1.457908202833721745e-01 0.000000000000000000e+00
1.250876451637904230e-01 1.966076150075375950e-01 0.000000000000000000e+00
2.216394319526676926e-01 3.443112810933972034e-01 0.000000000000000000e+00
3.091858760180778987e-01 2.387935355874291343e-01 0.000000000000000000e+00
2.411633471440460252e-01 2.725182583930678692e-01 0.000000000000000000e+00
3.887340893657287300e-01 2.377787493902565052e-01 0.000000000000000000e+00
3.231276457671839464e-01 6.920383637898329388e-02 0.000000000000000000e+00
2.363259784695420085e-01 3.548189107794451624e-01 0.000000000000000000e+00
2.280517643062973665e-01 2.546074787478147528e-01 0.000000000000000000e+00
3.446108521611744302e-01 5.476701735257236692e-01 0.000000000000000000e+00
4.028144120745911216e-01 3.230746017951777738e-01 0.000000000000000000e+00
3.359585120215277665e-01 2.499730044463859824e-01 0.000000000000000000e+00
4.353510308042418120e-01 4.814466770610102420e-01 0.000000000000000000e+00
3.360949610926138309e-01 1.419229505383046430e-01 0.000000000000000000e+00
3.357693628068024183e-01 2.798176490572210073e-01 0.000000000000000000e+00
3.904915224528144879e-01 4.532086962205653657e-01 0.000000000000000000e+00
3.620005753261108516e-01 1.268259241497277368e-01 0.000000000000000000e+00
3.222608743834802225e-01 5.040141267390702007e-01 0.000000000000000000e+00
4.244917196199581300e-01 3.736566902836933601e-01 0.000000000000000000e+00
2.581425432415230259e-01 2.626022493459823082e-01 0.000000000000000000e+00
4.426605650823250970e-01 3.449627070211906399e-01 0.000000000000000000e+00
2.724841872054645786e-01 4.149841408738213500e-01 0.000000000000000000e+00
2.667866068271402824e-01 2.130244776400303797e-01 0.000000000000000000e+00
3.420390374781290266e-01 3.061974607311521157e-01 0.000000000000000000e+00
2.100172357312156124e-01 2.808858113303186466e-01 0.000000000000000000e+00
4.437616321045520507e-01 2.092819266262639644e-01 0.000000000000000000e+00
2.983897693486874947e-01 3.041166030988433078e-01 0.000000000000000000e+00
4.616360155466473492e-01 4.032767430598543923e-01 0.000000000000000000e+00
5.103081426274813648e-01 3.195951971370692424e-01 0.000000000000000000e+00
3.182227516369845466e-01 2.976817315235688599e-01 0.000000000000000000e+00
2.764613704123319304e-01 2.941077613008131753e-01 0.000000000000000000e+00
2.554211060510968578e-01 7.861374909049630155e-02 0.000000000000000000e+00
1.618868611784715916e-01 1.753597866647383652e-01 0.000000000000000000e+00
4.180801556874897407e-01 2.796157269110767229e-01 0.000000000000000000e+00
3.158282297641236691e-01 2.944157602541601082e-01 0.000000000000000000e+00
5.324685050087615279e-01 3.123211391476985455e-01 0.000000000000000000e+00
4.333814998136217844e-01 3.569613777831096568e-01 0.000000000000000000e+00
2.322220316715904453e-01 3.393776913895488190e-01 0.000000000000000000e+00
2.766686881922624242e-01 3.515489935194402449e-01 0.000000000000000000e+00
3.270099801001326023e-01 4.055337855165038752e-01 0.000000000000000000e+00
2.772120329874945832e-01 1.773892980079350423e-01 0.000000000000000000e+00
5.114847371710001811e-01 5.645489832436006994e-01 0.000000000000000000e+00
3.387908986075632845e-01 3.338132364532468421e-01 0.000000000000000000e+00
3.061424754471701037e-01 2.816460838099980046e-01 0.000000000000000000e+00
3.250319412777408212e-01 3.847530200760187480e-01 0.000000000000000000e+00
4.540296277677745018e-01 3.407841685571196266e-01 0.000000000000000000e+00
2.326166386138149300e-01 5.490784592094913874e-01 0.000000000000000000e+00
3.525524221552228110e-01 3.324188772236372214e-01 0.000000000000000000e+00
3.184455762096604636e-01 6.679311982641088496e-01 0.000000000000000000e+00
2.278059490676452581e-01 3.131677365149568293e-01 0.000000000000000000e+00
3.557785084006386822e-01 5.395375008406136930e-01 0.000000000000000000e+00
1.731418484031637117e-01 1.982031208728685934e-01 0.000000000000000000e+00
3.452343155555567256e-01 2.579513150117231923e-01 0.000000000000000000e+00
2.837916986786302997e-01 4.728948267360757463e-01 0.000000000000000000e+00
5.607470851278935076e-01 3.089480521874046204e-01 0.000000000000000000e+00
1.498232383748455410e-01 2.598272015597586360e-01 0.000000000000000000e+00
3.037051071105096867e-01 2.409453298529766196e-01 0.000000000000000000e+00
4.074433528440314367e-01 4.346335772606150227e-01 0.000000000000000000e+00
3.517934947509981924e-02 4.905301461152995479e-01 0.000000000000000000e+00
3.728200369187085195e-01 2.103827004050452254e-01 0.000000000000000000e+00
2.594735170645656175e-01 2.942595766130657320e-01 0.000000000000000000e+00
2.925220061255675574e-01 3.654509439114376201e-01 0.000000000000000000e+00
2.942574724985398404e-01 3.037920727682676403e-01 0.000000000000000000e+00
